[277281.320884] 140096613910968
[277281.320908] 140096518426632
[277281.320951] 140096545394216
[277281.320974] 140096561761384
[277281.320995] 140096548328336
[277281.321075] 140096537153536
[277281.321116] 140096518430720
[277281.321156] 140096553412368
[277281.321305] 140096518434816
[277281.321326] 140096514122552
[277281.321350] 140096517012904
[277281.321354] 140096520920664
[277281.321376] 140096563582976
[277281.321398] 140096547455384
[277281.321457] 140096531057952
[277281.321498] 140096536244592
[277281.321502] 140096615545480
[277281.321542] 140096518438928
[277281.321584] 140096545041352
[277281.321608] 140096553178472
[277281.321631] 140096536435920
[277281.321653] 140096563148824
[277281.321701] 140096527827224
[277281.321762] 140096518443032
[277281.321821] 140096562692440
[277281.321845] 140096556432176
[277281.321870] 140096512957016
[277281.321931] 140096561181960
[277281.321973] 140096518447120
[277281.322049] 140096517114928
[277281.322053] 140096513142080
[277281.322097] 140096614456224
[277281.322139] 140096511841760
[277281.322182] 140096518451200
[277281.322278] 140096523323072
[277281.322318] 140096555089936
[277281.322340] 140096554803520
[277281.322399] 140096518455328
[277281.322404] 140096519476936
[277281.322446] 140096547442432
[277281.322474] 140096612721456
[277281.322522] 140096547967992
[277281.322620] 140096615302160
[277281.322624] 140096518459432
[277281.322628] 140096519475168
[277281.322672] 140096613249776
[277281.322734] 140096511072352
[277281.322756] 140096530463504
[277281.322831] 140096614950032
[277281.322836] 140096518463520
[277281.322858] 140096523161472
[277281.322959] 140096613582736
[277281.323001] 140096612377664
[277281.323022] 140096528842208
[277281.323048] 140096518467584
[277281.323070] 140096561478360
[277281.323093] 140096520526456
[277281.323134] 140096536453144
[277281.323195] 140096530075648
[277281.323216] 140096561545040
[277281.323248] 140096514962456
[277281.323290] 140096518471680
[277281.323368] 140096540168192
[277281.323480] 140096564863000
[277281.323484] 140096518475776
[277281.323582] 140096528251232
[277281.323605] 140096514653872
[277281.323681] 140096615380760
[277281.323686] 140096518479872
[277281.323711] 140096547180392
[277281.323807] 140096520056392
[277281.323876] 140096561632368
[277281.323881] 140096561777056
[277281.323886] 140096529620992
[277281.323916] 140096518483968
[277281.323957] 140096527983736
[277281.324033] 140096531629544
[277281.324061] 140096544896272
[277281.324103] 140096531648072
[277281.324143] 140096518488064
[277281.324418] 140096515522704
[277281.324477] 140096547403480
[277281.324536] 140096561756584
[277281.324592] 140096514205856
[277281.324616] 140096555183096
[277281.324637] 140096518492160
[277281.324718] 140096547687632
[277281.324793] 140096544733408
[277281.324833] 140096556243416
[277281.324889] 140096562463024
[277281.324913] 140096613320824
[277281.324919] 140096518496256
[277281.324946] 140096546080992
[277281.324969] 140096510941448
[277281.325045] 140096547805640
[277281.325121] 140096518500352
[277281.325178] 140096531620600
[277281.325219] 140096548284104
[277281.325242] 140096555952800
[277281.325264] 140096561466552
[277281.325306] 140096529158144
[277281.325329] 140096518504448
[277281.325402] 140096517059080
[277281.325406] 140096613042712
[277281.325429] 140096565057904
[277281.325452] 140096561594016
[277281.325456] 140096516266096
[277281.325517] 140096613545360
[277281.325559] 140096563731512
[277281.325563] 140096516377728
[277281.325584] 140096518508544
[277281.325608] 140096531727112
[277281.325684] 140096553543856
[277281.325777] 140096518512640
[277281.325800] 140096554210000
[277281.325945] 140096563457456
[277281.325967] 140096515894280
[277281.325972] 140096512469656
[277281.325976] 140096518516736
[277281.326074] 140096556101680
[277281.326097] 140096545957160
[277281.326119] 140096556315832
[277281.326178] 140096518520832
[277300.061789] 140096616055272
[277300.061968] 140096616062832
[277300.061981] 140096616143784
[277300.079291] kprobe at 00000000dda9fcf5 unregistered
[277702.263758] Searching for handle_mm_faults of process designated by arg1, which is: 491
[277702.268231] 140096518527848
[277702.268463] 140096690065544
[277702.268467] 140096612100896
[277702.268472] 140096616055272
[277702.268594] 140096536429080
[277702.268604] 140096614291128
[277702.268608] 140096616062832
[277702.268650] 140096537155464
[277702.268666] 140096616143792
[277702.268673] 140096615234256
[277702.268680] 140096537610832
[277702.268698] 140096538065752
[277702.268714] 140096538520672
[277702.268737] 140096520394960
[277702.268766] 140096520231088
[277702.268784] 140096513021872
[277702.268796] 140096513259576
[277702.268799] 140096616260368
[277702.268811] 140096513027832
[277702.268813] 140096616308552
[277702.268816] 140096548263840
[277702.268819] 140096616309784
[277702.268825] 140096536370608
[277702.268828] 140096616398832
[277702.268831] 140096536371256
[277702.268833] 140096616399048
[277702.268840] 140096548259384
[277702.268847] 140096536377208
[277702.268849] 140096616402976
[277702.268854] 140096545074920
[277702.268857] 140096517720600
[277702.268860] 140096513299168
[277702.268869] Planted kprobe at 00000000dda9fcf5
[277702.268926] 140096514643576
[277702.268929] 140096612050024
[277702.268957] 140096529158568
[277702.268962] 140096529621824
[277702.268970] 140096530076744
[277702.268984] 140096513523064
[277702.268987] 140096616407936
[277702.268990] 140096545077280
[277702.269100] 140096518529024
[277702.269108] 140096614191904
[277702.269122] 140096614457920
[277702.269135] 140096548814336
[277702.269138] 140096615328696
[277702.269168] 140096614004864
[277702.269178] 140096517726216
[277702.269197] 140096612224992
[277702.269205] 140096614749472
[277702.269235] 140096519709696
[277702.269242] 140096612171080
[277702.269251] 140096518524088
[277702.269269] 140096614833776
[277702.269277] 140096613917104
[277702.269308] 140096564301328
[277702.269311] 140096613698872
[277702.269316] 140096563935376
[277702.269318] 140096614800792
[277702.269341] 140096612439104
[277702.269368] 140096614429248
[277702.269376] 140096614168464
[277702.269403] 140096614438224
[277702.269411] 140096613240640
[277702.269434] 140096611892208
[277702.269437] 140096611877008
[277702.269458] 140096611619824
[277702.269462] 140096611966352
[277702.269466] 140096518533120
[277702.269488] 140096612029040
[277702.269497] 140096613651616
[277702.269524] 140096614595408
[277702.269532] 140096614224464
[277702.269560] 140096517101200
[277702.269563] 140096614513720
[277702.269587] 140096612298224
[277702.269591] 140096611666192
[277702.269612] 140096611816832
[277702.269624] 140096546715096
[277702.269627] 140096612797096
[277702.269650] 140096611797296
[277702.269654] 140096561331968
[277702.269657] 140096614945592
[277702.269677] 140096615040784
[277702.269681] 140096611995616
[277702.269706] 140096614529744
[277702.269713] 140096613669472
[277702.269735] 140096611907312
[277702.269739] 140096615157712
[277702.269761] 140096612157456
[277702.269765] 140096518537216
[277702.269791] 140096613840816
[277702.269798] 140096614622112
[277702.269826] 140096547990360
[277702.269828] 140096612864232
[277702.269832] 140096615069120
[277702.269855] 140096515114176
[277702.269862] 140096613876568
[277702.269869] 140096612856624
[277702.269896] 140096612804032
[277702.269900] 140096612481616
[277702.269926] 140096613784576
[277702.269934] 140096614754336
[277702.269961] 140096555574464
[277702.269964] 140096613817016
[277702.269971] 140096613357088
[277702.269994] 140096615029936
[277702.270002] 140096613124672
[277702.270029] 140096614384960
[277702.270036] 140096614443120
[277702.270065] 140096613500032
[277702.270088] 140096612072800
[277702.270114] 140096518541312
[277702.270118] 140096614648080
[277702.270146] 140096613850512
[277702.270168] 140096519358904
[277702.270178] 140096615235728
[277702.270181] 140096536396552
[277702.270199] 140096614924912
[277702.270208] 140096530525504
[277702.270214] 140096614252920
[277702.270236] 140096615015712
[277702.270244] 140096613018080
[277702.270271] 140096614645664
[277702.270275] 140096614787568
[277702.270297] 140096611565760
[277702.270323] 140096614687136
[277702.270331] 140096612770352
[277702.270357] 140096613030576
[277702.270361] 140096612509552
[277702.270383] 140096612228464
[277702.270397] 140096517725016
[277702.270415] 140096615026240
[277702.270441] 140096613927472
[277702.270450] 140096536628808
[277702.270452] 140096613723944
[277702.270456] 140096518545416
[277702.270479] 140096614959968
[277702.270483] 140096612217808
[277702.270508] 140096614633472
[277702.270511] 140096615049792
[277702.270534] 140096611637376
[277702.270541] 140096614462976
[277702.270567] 140096614228544
[277702.270584] 140096517733816
[277702.270605] 140096613710224
[277702.270609] 140096615219696
[277702.270631] 140096613907248
[277702.270636] 140096536163576
[277702.270638] 140096611584664
[277702.270660] 140096564133832
[277702.270667] 140096615098936
[277702.270674] 140096614583856
[277702.270696] 140096614885200
[277702.270704] 140096613232720
[277702.270726] 140096611881472
[277702.270730] 140096611592864
[277702.270755] 140096613832144
[277702.270762] 140096613522672
[277702.270766] 140096518549504
[277702.270793] 140096564122912
[277702.270796] 140096613373736
[277702.270804] 140096562143120
[277702.270807] 140096612136200
[277702.270830] 140096611887296
[277702.270834] 140096612343808
[277702.270859] 140096528067480
[277702.270862] 140096614633032
[277702.270865] 140096614837424
[277702.270892] 140096614288064
[277702.270897] 140096516799808
[277702.270900] 140096612583272
[277702.270928] 140096612837952
[277702.270932] 140096613768592
[277702.270958] 140096614198688
[277702.270965] 140096614250736
[277702.270987] 140096612348064
[277702.270991] 140096614991568
[277702.271017] 140096517738992
[277702.271024] 140096611981656
[277702.271032] 140096614061264
[277702.271055] 140096519905208
[277702.271062] 140096612237816
[277702.271069] 140096614278528
[277702.271092] 140096612266048
[277702.271096] 140096611747856
[277702.271120] 140096518553600
[277702.271124] 140096614099936
[277702.271131] 140096614451040
[277702.271158] 140096613473600
[277702.271166] 140096614482624
[277702.271190] 140096612991312
[277702.271211] 140096614853440
[277702.271219] 140096536500568
[277702.271222] 140096612775288
[277702.271229] 140096548814848
[277702.271255] 140096514382648
[277702.271297] 140096613267176
[277702.271309] 140096613690688
[277702.271351] 140096612056928
[277702.271361] 140096516507392
[277702.271367] 140096614426920
[277702.271390] 140096613071456
[277702.271400] 140096511330512
[277702.271403] 140096615147720
[277702.271426] 140096612307712
[277702.271430] 140096611646800
[277702.271455] 140096612782016
[277702.271463] 140096613063280
[277702.271510] 140096613275328
[277702.271514] 140096518557696
[277702.271518] 140096536058696
[277702.271521] 140096614905400
[277702.271548] 140096613247408
[277702.271556] 140096613396208
[277702.271578] 140096614942080
[277702.271582] 140096612073728
[277702.271607] 140096612881568
[277702.271611] 140096614803584
[277702.271633] 140096612151136
[277702.271637] 140096612064128
[277702.271661] 140096613619872
[277702.271666] 140096523061376
[277702.271669] 140096611764344
[277702.271691] 140096612471712
[277702.271699] 140096614650592
[277702.271722] 140096517860088
[277702.271725] 140096612087976
[277702.271729] 140096523199264
[277702.271731] 140096612632392
[277702.271752] 140096612105904
[277702.271756] 140096612005568
[277702.271777] 140096561899368
[277702.271780] 140096614875160
[277702.271784] 140096513992760
[277702.271804] 140096611543360
[277702.271813] 140096613340896
[277702.271816] 140096518561792
[277702.271843] 140096614242624
[277702.271847] 140096512567936
[277702.271875] 140096563434680
[277702.271878] 140096614448248
[277702.271881] 140096612180848
[277702.271908] 140096613178832
[277702.271912] 140096556398792
[277702.271949] 140096555481776
[277702.271952] 140096613057656
[277702.271976] 140096611597328
[277702.271984] 140096614619840
[277702.272026] 140096514103208
[277702.272029] 140096615208968
[277702.272041] 140096517854888
[277702.272043] 140096612685304
[277702.272071] 140096527970784
[277702.272074] 140096613776456
[277702.272081] 140096513433320
[277702.272087] 140096612959352
[277702.272114] 140096614152752
[277702.272118] 140096611925408
[277702.272140] 140096612326992
[277702.272145] 140096615196416
[277702.272148] 140096518565888
[277702.272174] 140096528213152
[277702.272177] 140096611525176
[277702.272184] 140096614297760
[277702.272211] 140096613216240
[277702.272222] 140096562019576
[277702.272225] 140096614327112
[277702.272252] 140096536750104
[277702.272255] 140096614681144
[277702.272267] 140096523153304
[277702.272269] 140096613310552
[277702.272293] 140096614912576
[277702.272317] 140096613514752
[277702.272321] 140096611766448
[277702.272344] 140096612119376
[277702.272351] 140096614268880
[277702.272379] 140096538737032
[277702.272382] 140096613679304
[277702.272407] 140096565094552
[277702.272410] 140096615123256
[277702.272418] 140096614520576
[277702.272444] 140096614159008
[277702.272451] 140096613191984
[277702.272475] 140096555992896
[277702.272479] 140096611901888
[277702.272500] 140096518569992
[277702.272504] 140096615227824
[277702.272508] 140096548360152
[277702.272534] 140096540082096
[277702.272536] 140096612901272
[277702.272564] 140096614308176
[277702.272567] 140096613921344
[277702.272589] 140096611789984
[277702.272594] 140096612589120
[277702.272615] 140096611683568
[277702.272641] 140096612893312
[277702.272645] 140096614767024
[277702.272671] 140096555550128
[277702.272674] 140096613419288
[277702.272678] 140096611575936
[277702.272700] 140096615095168
[277702.272708] 140096612954208
[277702.272734] 140096614614672
[277702.272741] 140096562148112
[277702.272748] 140096613226264
[277702.272775] 140096613561824
[277702.272800] 140096515838120
[277702.272807] 140096611598472
[277702.272810] 140096518574096
[277702.272818] 140096614119936
[277702.272842] 140096612304080
[277702.272846] 140096611824560
[277702.272853] 140096538521600
[277702.272877] 140096613715856
[277702.272928] 140096528627848
[277702.272931] 140096613523800
[277702.272938] 140096612727024
[277702.272961] 140096564058064
[277702.272965] 140096612493072
[277702.272985] 140096612464352
[277702.272994] 140096518510192
[277702.272996] 140096612707320
[277702.273022] 140096613506064
[277702.273093] 140096517438160
[277702.273100] 140096613108856
[277702.273136] 140096613295072
[277702.273161] 140096515500632
[277702.273193] 140096615213120
[277702.273218] 140096612878880
[277702.273227] 140096519692152
[277702.273230] 140096615143624
[277702.273234] 140096518578176
[277702.273266] 140096613950208
[277702.273271] 140096563752312
[277702.273295] 140096612506096
[277702.273303] 140096614208496
[277702.273326] 140096611686736
[277702.273333] 140096614477856
[277702.273360] 140096614641248
[277702.273364] 140096614206832
[277702.273395] 140096516469744
[277702.273398] 140096613636728
[277702.273410] 140096516683744
[277702.273416] 140096613851720
[277702.273443] 140096614563584
[277702.273451] 140096613111200
[277702.273477] 140096614496976
[277702.273484] 140096612713456
[277702.273507] 140096611652320
[277702.273533] 140096614417552
[277702.273540] 140096614310144
[277702.273567] 140096613230688
[277702.273572] 140096518582272
[277702.273595] 140096612517696
[277702.273598] 140096611945680
[277702.273621] 140096531473496
[277702.273628] 140096612526264
[277702.273655] 140096612768336
[277702.273662] 140096614336480
[277702.273685] 140096611627648
[277702.273689] 140096612937008
[277702.273710] 140096548355136
[277702.273712] 140096615153432
[277702.273716] 140096518214888
[277702.273719] 140096612651032
[277702.273746] 140096512271336
[277702.273749] 140096613647624
[277702.273775] 140096614488832
[277702.273783] 140096613146640
[277702.273805] 140096547301424
[277702.273853] 140096512950336
[277702.273857] 140096613987784
[277702.273861] 140096615090736
[277702.273895] 140096517206968
[277702.273898] 140096613025592
[277702.273902] 140096612478064
[277702.273925] 140096518586368
[277702.273929] 140096536077744
[277702.273933] 140096612035616
[277702.273958] 140096613384976
[277702.273983] 140096614606576
[277702.273987] 140096564669632
[277702.273990] 140096615080520
[277702.274014] 140096614377456
[277702.274019] 140096531206272
[277702.274026] 140096538066944
[277702.274047] 140096612598704
[277702.274069] 140096539882560
[277702.274072] 140096611959144
[277702.274076] 140096612501264
[277702.274100] 140096612810912
[277702.274104] 140096615033776
[277702.274127] 140096518236192
[277702.274136] 140096519492520
[277702.274142] 140096613933880
[277702.274186] 140096614331392
[277702.274218] 140096614712688
[277702.274223] 140096518590464
[277702.274231] 140096536399896
[277702.274259] 140096614009920
[277702.274301] 140096612058000
[277702.274305] 140096612186336
[277702.274326] 140096528493824
[277702.274335] 140096614090480
[277702.274359] 140096614933696
[277702.274380] 140096612456472
[277702.274384] 140096555492064
[277702.274410] 140096614316176
[277702.274417] 140096612942400
[277702.274440] 140096615011280
[277702.274448] 140096564105752
[277702.274450] 140096612698776
[277702.274477] 140096514330680
[277702.274480] 140096613354360
[277702.274504] 140096562692752
[277702.274514] 140096518594560
[277702.274537] 140096511337072
[277702.274540] 140096615064872
[277702.274544] 140096614874672
[277702.274565] 140096612486192
[277702.274568] 140096515557816
[277702.274612] 140096614597152
[277702.274616] 140096615046224
[277702.274644] 140096516205040
[277702.274647] 140096614016520
[277702.274673] 140096555690696
[277702.274676] 140096612675336
[277702.274680] 140096612907008
[277702.274703] 140096612402768
[277702.274725] 140096536338072
[277702.274728] 140096612540040
[277702.274736] 140096614044992
[277702.274759] 140096612243696
[277702.274763] 140096513098992
[277702.274783] 140096536574440
[277702.274786] 140096612096552
[277702.274793] 140096613219856
[277702.274797] 140096518598656
[277702.274820] 140096612368544
[277702.274824] 140096612283440
[277702.274845] 140096614819824
[277702.274872] 140096528950776
[277702.274875] 140096613315816
[277702.274898] 140096611875376
[277702.274923] 140096613000448
[277702.274930] 140096614663200
[277702.274957] 140096539067104
[277702.274960] 140096613826328
[277702.274967] 140096613398864
[277702.274973] 140096537612288
[277702.274994] 140096614909392
[277702.274998] 140096614811392
[277702.275022] 140096614403616
[277702.275030] 140096547528704
[277702.275037] 140096614569592
[277702.275060] 140096612026880
[277702.275063] 140096615188832
[277702.275088] 140096613658016
[277702.275113] 140096518602760
[277702.275123] 140096614509616
[277702.275147] 140096614862768
[277702.275172] 140096615392432
[277702.275175] 140096613163944
[277702.275179] 140096514899000
[277702.275182] 140096612363176
[277702.275205] 140096612385904
[277702.275227] 140096612205504
[277702.275252] 140096614468480
[277702.275304] 140096613333264
[277702.275371] 140096614200304
[277702.275401] 140096614659344
[277702.275406] 140096612192576
[277702.275433] 140096613252576
[277702.275460] 140096613448960
[277702.275467] 140096518606864
[277702.275476] 140096614746368
[277702.275503] 140096613630240
[277702.275526] 140096612079664
[277702.275535] 140096614103840
[277702.275561] 140096614374528
[277702.275586] 140096545363152
[277702.275588] 140096611551800
[277702.275614] 140096614404416
[277702.275621] 140096614436480
[277702.275646] 140096614917840
[277702.275668] 140096516788888
[277702.275672] 140096615107680
[277702.275694] 140096512380272
[277702.275715] 140096513183448
[277702.275717] 140096614932072
[277702.275744] 140096613901856
[277702.275748] 140096518610952
[277702.275775] 140096614342160
[277702.275779] 140096612782640
[277702.275802] 140096563857296
[277702.275815] 140096545419696
[277702.275841] 140096613583984
[277702.275849] 140096613740544
[277702.275876] 140096530937008
[277702.275879] 140096612914296
[277702.275882] 140096613450272
[277702.275909] 140096519476080
[277702.275911] 140096612981096
[277702.275918] 140096614455600
[277702.275944] 140096614424096
[277702.275948] 140096612443248
[277702.275974] 140096613366704
[277702.275999] 140096544397072
[277702.276007] 140096612947216
[277702.276029] 140096611983440
[277702.276038] 140096522949496
[277702.276063] 140096518615040
[277702.276096] 140096613597248
[277702.276100] 140096563466192
[277702.276143] 140096613283968
[277702.276148] 140096564096392
[277702.276151] 140096614824456
[277702.276175] 140096611689264
[277702.276179] 140096547627360
[277702.276182] 140096612288984
[277702.276202] 140096614764304
[277702.276206] 140096612198272
[277702.276230] 140096613003360
[277702.276258] 140096612852928
[277702.276287] 140096614573008
[277702.276313] 140096614397968
[277702.276341] 140096612931232
[277702.276364] 140096615161952
[277702.276386] 140096518619160
[277702.276397] 140096613964768
[277702.276436] 140096518006216
[277702.276458] 140096613302272
[277702.276462] 140096554554288
[277702.276490] 140096613388416
[277702.276513] 140096611532752
[277702.276521] 140096548365728
[277702.276524] 140096613737976
[277702.276552] 140096517240040
[277702.276575] 140096611812640
[277702.276578] 140096614983744
[277702.276606] 140096614721648
[277702.276610] 140096611635040
[277702.276637] 140096613940848
[277702.276661] 140096539802408
[277702.276665] 140096612435936
[277702.276687] 140096518623232
[277702.276755] 140096612173808
[277702.276759] 140096612141728
[277702.276785] 140096612891824
[277702.276809] 140096612262016
[277702.276822] 140096511036360
[277702.276824] 140096612041528
[277702.276851] 140096613183808
[277702.276859] 140096515678472
[277702.276866] 140096612987688
[277702.276893] 140096613747464
[277702.276901] 140096519568224
[277702.276903] 140096612687912
[277702.276930] 140096612701728
[277702.276934] 140096612341104
[277702.276958] 140096531222104
[277702.277021] 140096517785688
[277702.277025] 140096614025944
[277702.277029] 140096614951632
[277702.277061] 140096518627328
[277702.277095] 140096613300912
[277702.277103] 140096528987032
[277702.277109] 140096614349592
[277702.277136] 140096613118960
[277702.277140] 140096612618592
[277702.277171] 140096539084360
[277702.277196] 140096615379776
[277702.277204] 140096612828528
[277702.277231] 140096613855984
[277702.277313] 140096516630392
[277702.277316] 140096613456424
[277702.277323] 140096614725216
[277702.277349] 140096613992592
[277702.277353] 140096517376696
[277702.277356] 140096518631424
[277702.277384] 140096613144000
[277702.277391] 140096613208800
[277702.277433] 140096611724112
[277702.277459] 140096554614888
[277702.277465] 140096613734904
[277702.277472] 140096614515024
[277702.277495] 140096612661808
[277702.277503] 140096519922896
[277702.277506] 140096613180568
[277702.277532] 140096613579856
[277702.277539] 140096614503856
[277702.277565] 140096613308864
[277702.277569] 140096611759568
[277702.277596] 140096517469984
[277702.277599] 140096613350088
[277702.277626] 140096615002512
[277702.277651] 140096612681552
[277702.277660] 140096561945008
[277702.277662] 140096612364344
[277702.277685] 140096518635528
[277702.277689] 140096615403360
[277702.277691] 140096614923640
[277702.277695] 140096615126768
[277702.277720] 140096612899168
[277702.277727] 140096614174304
[277702.277749] 140096612124512
[277702.277753] 140096611785728
[277702.277757] 140096537157632
[277702.277789] 140096614717184
[277702.277796] 140096613468656
[277702.277819] 140096611729872
[277702.277846] 140096612964952
[277702.277877] 140096517425056
[277702.277880] 140096613778040
[277702.277908] 140096544810472
[277702.277911] 140096614371240
[277702.277918] 140096614036048
[277702.277960] 140096612230448
[277702.277981] 140096518639632
[277702.278012] 140096517194176
[277702.278017] 140096520100032
[277702.278048] 140096614183072
[277702.278056] 140096545047904
[277702.278059] 140096613565048
[277702.278085] 140096563803032
[277702.278088] 140096613675640
[277702.278095] 140096613575632
[277702.278121] 140096561467848
[277702.278143] 140096614588512
[277702.278167] 140096611915392
[277702.278191] 140096614731024
[277702.278200] 140096553270864
[277702.278264] 140096562322912
[277702.278267] 140096614131288
[277702.278270] 140096612159536
[277702.278274] 140096518643720
[277702.278301] 140096613800608
[277702.278328] 140096613707616
[277702.278332] 140096614889536
[277702.278356] 140096517420688
[277702.278386] 140096546002832
[277702.278389] 140096614683736
[277702.278395] 140096614470192
[277702.278426] 140096514515840
[277702.278430] 140096613772088
[277702.278433] 140096615060096
[277702.278459] 140096614553712
[277702.278506] 140096564338640
[277702.278512] 140096614020328
[277702.278516] 140096514231752
[277702.278561] 140096528577248
[277702.278565] 140096547652696
[277702.278569] 140096518647808
[277702.278590] 140096612520880
[277702.278612] 140096516144808
[277702.278634] 140096612258224
[277702.278638] 140096612001232
[277702.278658] 140096615199632
[277702.278710] 140096522898232
[277702.278713] 140096612489448
[277702.278746] 140096614056272
[277702.278772] 140096555239640
[277702.278775] 140096612248568
[277702.278782] 140096613263760
[277702.278805] 140096611506720
[277702.278827] 140096613929232
[277702.278853] 140096613409536
[277702.278860] 140096612818560
[277702.278887] 140096518651928
[277702.278891] 140096613882112
[277702.278915] 140096614793728
[277702.278919] 140096613076000
[277702.278944] 140096613757456
[277702.278951] 140096614321904
[277702.278975] 140096518293392
[277702.278997] 140096561327960
[277702.279041] 140096512966880
[277702.279067] 140096614304720
[277702.279094] 140096613945072
[277702.279118] 140096614970912
[277702.279127] 140096528866032
[277702.279151] 140096518656032
[277702.279255] 140096613861568
[277702.279447] 140096612791936
[277702.279476] 140096516407560
[277702.279489] 140096613608400
[277702.279515] 140096613361632
[277702.279539] 140096612547392
[277702.279543] 140096612336144
[277702.279564] 140096517143944
[277702.279567] 140096612462120
[277702.279593] 140096563773704
[277702.279596] 140096613556152
[277702.279620] 140096615161296
[277702.279645] 140096614538960
[277702.279650] 140096518011792
[277702.279653] 140096518660120
[277702.279681] 140096613319376
[277702.279686] 140096512279440
[277702.279712] 140096614540688
[277702.279737] 140096555640440
[277702.279758] 140096547993520
[277702.279761] 140096612254488
[277702.279765] 140096548538096
[277702.279791] 140096614213808
[277702.279814] 140096615185296
[277702.279835] 140096614880320
[277702.279839] 140096612189632
[277702.279878] 140096612650128
[277702.279900] 140096555318176
[277702.279902] 140096611828936
[277702.279906] 140096518664192
[277702.279951] 140096514181832
[277702.279979] 140096613829888
[277702.280006] 140096613730048
[277702.280030] 140096547097792
[277702.280034] 140096611738208
[277702.280057] 140096528800992
[277702.280060] 140096611972584
[277702.280085] 140096514029576
[277702.280088] 140096614064216
[277702.280091] 140096612092272
[277702.280114] 140096546846016
[277702.280136] 140096612352672
[277702.280140] 140096512767848
[277702.280166] 140096527823944
[277702.280169] 140096613244344
[277702.280191] 140096518668328
[277702.280194] 140096615136096
[277702.280198] 140096556444968
[277702.280244] 140096613053648
[277702.280270] 140096614735520
[277702.280274] 140096512788936
[277702.280296] 140096512840520
[277702.280299] 140096611868024
[277702.280320] 140096614842496
[277702.280346] 140096613040256
[277702.280369] 140096612657520
[277702.280379] 140096536181360
[277702.280381] 140096612016792
[277702.280404] 140096611832064
[277702.280429] 140096614164640
[277702.280453] 140096518672384
[277702.280477] 140096611547904
[277702.280497] 140096612562560
[277702.280537] 140096512693384
[277702.280542] 140096564736304
[277702.280567] 140096613983568
[277702.280574] 140096613717568
[277702.280597] 140096554565192
[277702.280620] 140096556460880
[277702.280624] 140096510887976
[277702.280645] 140096564766280
[277702.280667] 140096612592752
[277702.280675] 140096614667888
[277702.280698] 140096612554952
[277702.280702] 140096518676520
[277702.280730] 140096612607648
[277702.280734] 140096612113808
[277702.280794] 140096613976352
[277702.280818] 140096612418864
[277702.280824] 140096530079744
[277702.280896] 140096555127376
[277702.280905] 140096562253568
[277702.280908] 140096614264664
[277702.280932] 140096517280912
[277702.280935] 140096614838504
[277702.280938] 140096518680576
[277702.280963] 140096612762224
[277702.280967] 140096612014560
[277702.280992] 140096614013632
[277702.281020] 140096615346496
[277702.281022] 140096613197128
[277702.281049] 140096614276208
[277702.281073] 140096516308536
[277702.281075] 140096612425208
[277702.281079] 140096614898976
[277702.281100] 140096555330280
[277702.281109] 140096511896416
[277702.281184] 140096612406304
[277702.281189] 140096514471864
[277702.281209] 140096518684672
[277702.281213] 140096544728416
[277702.281216] 140096611708184
[277702.281242] 140096614051648
[277702.281247] 140096562477376
[277702.281249] 140096611713016
[277702.281271] 140096611587600
[277702.281275] 140096561546840
[277702.281296] 140096517642520
[277702.281321] 140096613968976
[277702.281350] 140096518487288
[277702.281373] 140096611844240
[277702.281395] 140096614864192
[277702.281405] 140096561788168
[277702.281428] 140096611930176
[277702.281451] 140096517812992
[277702.281472] 140096518688768
[277702.281506] 140096613541808
[277702.281531] 140096531091896
[277702.281552] 140096611729264
[277702.281556] 140096615076864
[277702.281576] 140096614899776
[277702.281598] 140096555288928
[277702.281601] 140096614855304
[277702.281605] 140096553584216
[277702.281630] 140096555513360
[277702.281633] 140096613204888
[277702.281660] 140096529625088
[277702.281680] 140096611736560
[277702.281731] 140096516856592
[277702.281762] 140096611523856
[277702.281766] 140096615216704
[277702.281770] 140096518692864
[277702.281810] 140096612580816
[277702.281819] 140096518228488
[277702.281822] 140096613754648
[277702.281847] 140096519513904
[277702.281868] 140096512088432
[277702.281872] 140096615115616
[277702.281892] 140096614987664
[277702.281918] 140096613683472
[277702.281923] 140096544910312
[277702.281963] 140096612039344
[277702.281985] 140096611672864
[277702.281993] 140096613548000
[277702.282015] 140096612163872
[277702.282020] 140096518696960
[277702.282045] 140096513357192
[277702.282052] 140096613954536
[277702.282055] 140096612236032
[277702.282078] 140096564822752
[277702.282100] 140096611616176
[277702.282108] 140096613762672
[277702.282134] 140096613429024
[277702.282138] 140096612595680
[277702.282160] 140096611805216
[277702.282204] 140096512941192
[277702.282209] 140096614816672
[277702.282231] 140096612375616
[277702.282235] 140096530941184
[277702.282261] 140096544458536
[277702.282263] 140096614237032
[277702.282270] 140096612678624
[277702.282297] 140096613474928
[277702.282305] 140096555649832
[277702.282307] 140096613529416
[277702.282311] 140096518701056
[277702.282337] 140096614412000
[277702.282341] 140096614961776
[277702.282370] 140096531643976
[277702.282373] 140096614557448
[277702.282400] 140096612694688
[277702.282443] 140096511126424
[277702.282467] 140096614656160
[277702.282495] 140096528329032
[277702.282498] 140096613804056
[277702.282502] 140096544779584
[277702.282525] 140096528070800
[277702.282547] 140096512686944
[277702.282552] 140096563684464
[277702.282577] 140096612744304
[277702.282580] 140096612378352
[277702.282602] 140096518705152
[277702.282606] 140096611557408
[277702.282614] 140096612966752
[277702.282640] 140096613551200
[277702.282669] 140096613035328
[277702.282697] 140096528695512
[277702.282700] 140096611935480
[277702.282722] 140096517031624
[277702.282730] 140096613508592
[277702.282754] 140096545660976
[277702.282757] 140096611912536
[277702.282784] 140096536184440
[277702.282801] 140096518859520
[277702.282804] 140096547672848
[277702.282827] 140096553503752
[277702.282849] 140096611539616
[277702.282858] 140096562740800
[277702.282861] 140096612711480
[277702.282883] 140096518860800
[277702.282893] 140096527833968
[277702.282895] 140096613116264
[277702.282940] 140096614175120
[277702.282969] 140096614123712
[277702.282995] 140096614126480
[277702.283020] 140096614784784
[277702.283045] 140096613571776
[277702.283071] 140096613138672
[277702.283077] 140096529162240
[277702.283118] 140096562956272
[277702.283121] 140096612081920
[277702.283143] 140096518864896
[277702.283165] 140096515415120
[277702.283168] 140096611940984
[277702.283195] 140096514388344
[277702.283220] 140096528862504
[277702.283241] 140096612318832
[277702.283279] 140096553254744
[277702.283325] 140096547475488
[277702.283351] 140096518132088
[277702.283355] 140096614602568
[277702.283378] 140096614969200
[277702.283386] 140096612823600
[277702.283414] 140096612926320
[277702.283419] 140096518868992
[277702.283486] 140096613492160
[277702.283526] 140096613868560
[277702.283585] 140096612143584
[277702.283607] 140096611581664
[277702.283616] 140096539330256
[277702.283661] 140096613049536
[277702.283666] 140096562225800
[277702.283694] 140096516335664
[277702.283720] 140096518873088
[277702.283742] 140096612400448
[277702.283764] 140096511634496
[277702.283820] 140096523058056
[277702.283825] 140096561289208
[277702.283863] 140096612636096
[277702.283867] 140096611928304
[277702.283887] 140096612530560
[277702.283909] 140096554719688
[277702.283918] 140096545499528
[277702.283921] 140096614498568
[277702.283963] 140096518877184
[277702.283967] 140096536426696
[277702.283969] 140096611976936
[277702.283977] 140096613641440
[277702.284001] 140096536822152
[277702.284022] 140096539434472
[277702.284061] 140096611859712
[277702.284087] 140096612970800
[277702.284095] 140096613959928
[277702.284117] 140096615102448
[277702.284124] 140096613660544
[277702.284150] 140096613013920
[277702.284158] 140096614588272
[277702.284184] 140096614707520
[277702.284208] 140096612311120
[277702.284211] 140096611856288
[277702.284236] 140096613915872
[277702.284240] 140096518881288
[277702.284244] 140096561291880
[277702.284246] 140096614828024
[277702.284273] 140096614705248
[277702.284297] 140096515452856
[277702.284331] 140096614086976
[277702.284353] 140096611680000
[277702.284357] 140096512999448
[277702.284386] 140096564723200
[277702.284389] 140096611715656
[277702.284409] 140096611810272
[277702.284448] 140096516134840
[277702.284458] 140096613797840
[277702.284481] 140096612154560
[277702.284507] 140096612984944
[277702.284511] 140096518885376
[277702.284562] 140096561175720
[277702.284566] 140096561335312
[277702.284569] 140096615112296
[277702.284607] 140096612641168
[277702.284611] 140096514214592
[277702.284656] 140096563877424
[277702.284659] 140096611897368
[277702.284662] 140096612844960
[277702.284708] 140096614492272
[277702.284734] 140096614282544
[277702.284738] 140096554752192
[277702.284765] 140096565082712
[277702.284794] 140096511644768
[277702.284799] 140096518889472
[277702.284822] 140096539482672
[277702.284831] 140096511261008
[277702.284858] 140096614143296
[277702.284865] 140096614692592
[277702.284888] 140096611851248
[277702.284897] 140096555654240
[277702.284923] 140096614110752
[277702.284952] 140096613615936
[277702.284996] 140096613591600
[277702.285025] 140096613812736
[277702.285084] 140096518893584
[277702.285087] 140096538849552
[277702.285095] 140096614343744
[277702.285119] 140096545597104
[277702.285127] 140096536879960
[277702.285130] 140096612922488
[277702.285152] 140096514765408
[277702.285157] 140096538906072
[277702.285179] 140096612214864
[277702.285226] 140096516366808
[277702.285250] 140096540157784
[277702.285253] 140096614777304
[277702.285261] 140096613081600
[277702.285284] 140096611649616
[277702.285324] 140096520047160
[277702.285346] 140096518897688
[277702.285397] 140096563978104
[277702.285426] 140096615056144
[277702.285430] 140096530681768
[277702.285452] 140096518186488
[277702.285455] 140096612395400
[277702.285480] 140096614578768
[277702.285509] 140096614743632
[277702.285553] 140096613587232
[277702.285560] 140096614362704
[277702.285589] 140096615053224
[277702.285616] 140096518901776
[277702.285638] 140096530692160
[277702.285661] 140096538713880
[277702.285683] 140096528924432
[277702.285711] 140096613382048
[277702.285752] 140096511811112
[277702.285773] 140096611842496
[277702.285786] 140096528830552
[277702.285788] 140096613949272
[277702.285815] 140096613127936
[277702.285822] 140096613557968
[277702.285850] 140096563206496
[277702.285853] 140096611770776
[277702.285880] 140096613610416
[277702.285884] 140096518905856
[277702.285926] 140096547772464
[277702.285934] 140096561653280
[277702.285937] 140096613645640
[277702.285964] 140096613347296
[277702.285987] 140096615173408
[277702.285994] 140096614095040
[277702.286040] 140096518021392
[277702.286062] 140096612381296
[277702.286101] 140096611703792
[277702.286128] 140096516571736
[277702.286151] 140096518909984
[277702.286157] 140096536713520
[277702.286159] 140096612107560
[277702.286185] 140096613999728
[277702.286211] 140096554157456
[277702.286236] 140096555165384
[277702.286239] 140096613515384
[277702.286243] 140096546794040
[277702.286320] 140096538765864
[277702.286342] 140096611614608
[277702.286363] 140096544824200
[277702.286392] 140096518914088
[277702.286395] 140096613536064
[277702.286426] 140096548425920
[277702.286429] 140096614697032
[277702.286436] 140096613891744
[277702.286459] 140096611752176
[277702.286481] 140096611698448
[277702.286485] 140096514609880
[277702.286511] 140096613422928
[277702.286556] 140096612840848
[277702.286580] 140096546884144
[277702.286602] 140096515459264
[277702.286623] 140096611662112
[277702.286649] 140096513348456
[277702.286651] 140096614611416
[277702.286656] 140096518918176
[277702.286740] 140096539183280
[277702.286744] 140096514804568
[277702.286747] 140096612358824
[277702.286770] 140096562128456
[277702.286791] 140096611513472
[277702.286833] 140096548376216
[277702.286854] 140096528437456
[277702.286903] 140096515358368
[277702.286913] 140096613726504
[277702.286936] 140096612274160
[277702.286963] 140096515969664
[277702.286973] 140096518922240
[277702.287000] 140096613748880
[277702.287024] 140096528759104
[277702.287064] 140096612512368
[277702.287068] 140096615471688
[277702.287089] 140096564833048
[277702.287134] 140096612876272
[277702.287160] 140096614352800
[277702.287164] 140096518304088
[277702.287192] 140096614547072
[277702.287219] 140096512459352
[277702.287222] 140096613202024
[277702.287225] 140096612566304
[277702.287248] 140096518926336
[277702.287251] 140096517835688
[277702.287400] 140096613289696
[277702.287411] 140096518709248
[277702.287436] 140096613460784
[277702.287499] 140096614534208
[277702.287522] 140096564749720
[277702.287567] 140096555687136
[277702.287570] 140096613604232
[277702.287592] 140096612390784
[277702.287596] 140096518930432
[277702.287627] 140096536677600
[277702.287635] 140096538525696
[277702.287653] 140096615087808
[277702.287657] 140096515123744
[277702.287684] 140096515888664
[277702.287687] 140096613819896
[277702.287748] 140096614222496
[277702.287752] 140096511723224
[277702.287779] 140096564188696
[277702.287781] 140096612950296
[277702.287805] 140096528055824
[277702.287807] 140096612432584
[277702.287811] 140096511437008
[277702.287840] 140096512698152
[277702.287843] 140096612789224
[277702.287873] 140096539979672
[277702.287877] 140096518934528
[277702.287918] 140096555135176
[277702.287974] 140096612299392
[277702.288000] 140096612976048
[277702.288025] 140096519995712
[277702.288082] 140096514154376
[277702.288085] 140096612334152
[277702.288089] 140096518938624
[277702.288132] 140096613130512
[277702.288159] 140096523141792
[277702.288161] 140096613664504
[277702.288165] 140096615130256
[277702.288187] 140096556271808
[277702.288210] 140096611777120
[277702.288248] 140096531348352
[277702.288270] 140096612116304
[277702.288298] 140096514142520
[277702.288300] 140096613899192
[277702.288341] 140096518942720
[277702.288344] 140096554575472
[277702.288373] 140096613170048
[277702.288397] 140096612128480
[277702.288423] 140096538071040
[277702.288448] 140096564327224
[277702.288480] 140096536018112
[277702.288560] 140096613807504
[277702.288584] 140096518946816
[277702.288608] 140096611609696
[277702.288629] 140096514274208
[277702.288638] 140096612747296
[277702.288713] 140096612020304
[277702.288735] 140096614994768
[277702.288739] 140096528262928
[277702.288761] 140096563291048
[277702.288812] 140096563456832
[277702.288819] 140096613462456
[277702.288827] 140096548157176
[277702.288830] 140096613271928
[277702.288856] 140096615137488
[277702.288861] 140096518950912
[277702.288936] 140096555530384
[277702.288939] 140096611779960
[277702.288961] 140096612427616
[277702.288982] 140096613875328
[277702.288986] 140096514066080
[277702.289023] 140096611744448
[277702.289045] 140096611517952
[277702.289085] 140096545280992
[277702.289111] 140096613894880
[277702.289118] 140096613047264
[277702.289140] 140096512837472
[277702.289144] 140096514638272
[277702.289148] 140096518955008
[277702.289205] 140096562007408
[277702.289232] 140096613066976
[277702.289277] 140096537616384
[277702.289314] 140096611556224
[277702.289318] 140096538907320
[277702.289340] 140096615204624
[277702.289362] 140096556565088
[277702.289366] 140096518959104
[277702.289440] 140096615176464
[277702.289461] 140096612469296
[277702.289465] 140096611754944
[277702.289503] 140096514495832
[277702.289507] 140096545973784
[277702.289534] 140096511787536
[277702.289537] 140096612729432
[277702.289595] 140096518963200
[277702.289598] 140096614807248
[277702.289655] 140096531118424
[277702.289716] 140096612719864
[277702.289780] 140096530638808
[277702.289783] 140096613433448
[277702.289805] 140096561897008
[277702.289809] 140096518967296
[277702.289836] 140096613260176
[277702.289864] 140096564426560
[277702.289958] 140096518202192
[277702.289963] 140096547028104
[277702.289984] 140096510945728
[277702.290010] 140096614076576
[277702.290034] 140096531321784
[277702.290038] 140096528959192
[277702.290042] 140096518971392
[277702.290081] 140096516761432
[277702.290103] 140096528927104
[277702.290108] 140096563779312
[277702.290129] 140096544804232
[277702.290174] 140096613415144
[277702.290201] 140096612834032
[277702.290230] 140096613484560
[277702.290271] 140096518039688
[277702.290275] 140096518975488
[277702.290319] 140096518280992
[277702.290322] 140096613281224
[277702.290326] 140096547470648
[277702.290367] 140096512994296
[277702.290403] 140096528814720
[277702.290406] 140096613532648
[277702.290432] 140096613135680
[277702.290437] 140096516912752
[277702.290460] 140096612277152
[277702.290482] 140096562145304
[277702.290525] 140096527662960
[277702.290529] 140096611822288
[277702.290550] 140096518979584
[277702.290578] 140096614736128
[277702.290585] 140096613221168
[277702.290634] 140096515669872
[277702.290701] 140096614892512
[277702.290723] 140096615391048
[277702.290747] 140096564780320
[277702.290767] 140096612203632
[277702.290772] 140096556545120
[277702.290793] 140096518983688
[277702.290820] 140096536669744
[277702.290825] 140096512794784
[277702.290856] 140096553571696
[277702.290859] 140096614219432
[277702.290883] 140096615647032
[277702.290905] 140096545213128
[277702.290909] 140096518447288
[277702.290951] 140096611871584
[277702.290955] 140096553206248
[277702.290975] 140096611996112
[277702.291002] 140096613884288
[277702.291044] 140096561503976
[277702.291048] 140096518987776
[277702.291070] 140096611950208
[277702.291091] 140096516559880
[277702.291118] 140096536270584
[277702.291121] 140096613324136
[277702.291144] 140096615191216
[277702.291170] 140096614234144
[277702.291228] 140096520193048
[277702.291232] 140096615020624
[277702.291383] 140096544885352
[277702.291390] 140096518991872
[277702.291432] 140096516403896
[277702.291437] 140096539796648
[277702.291460] 140096537161728
[277702.291491] 140096561974600
[277702.291550] 140096544539656
[277702.291577] 140096614084128
[277702.291634] 140096518995984
[277702.291643] 140096613480160
[277702.291666] 140096531657808
[277702.291670] 140096539029440
[277702.291691] 140096612330416
[277702.291713] 140096547774816
[277702.291715] 140096614846952
[277702.291719] 140096561617848
[277702.291746] 140096511884320
[277702.291769] 140096611623648
[277702.291794] 140096614072832
[277702.291817] 140096612668128
[277702.291840] 140096512937000
[277702.291862] 140096547888136
[277702.291884] 140096519000088
[277702.291888] 140096531086944
[277702.291932] 140096613836864
[277702.291954] 140096564251408
[277702.291963] 140096612623296
[277702.292004] 140096556129536
[277702.292029] 140096614187600
[277702.292054] 140096513271976
[277702.292094] 140096612177424
[277702.292115] 140096615649720
[277702.292119] 140096519004176
[277702.292140] 140096564256088
[277702.292184] 140096547366400
[277702.292187] 140096613786824
[277702.292251] 140096536275704
[277702.292275] 140096546849960
[277702.292320] 140096612754992
[277702.292342] 140096538889432
[277702.292347] 140096519008256
[277702.292369] 140096546079208
[277702.292391] 140096561476424
[277702.292430] 140096564364880
[277702.292475] 140096613693328
[277702.292501] 140096556137336
[277702.292540] 140096562133136
[277702.292562] 140096612291504
[277702.292583] 140096519012384
[277702.292647] 140096511599440
[277702.292669] 140096615007936
[277702.292709] 140096528037024
[277702.292731] 140096611603024
[277702.292758] 140096613376120
[277702.292786] 140096511294376
[277702.292788] 140096614257608
[277702.292811] 140096519016488
[277702.292815] 140096615520408
[277702.292818] 140096612548984
[277702.292840] 140096563756184
[277702.292861] 140096538894808
[277702.292902] 140096555930184
[277702.292931] 140096612047200
[277702.292992] 140096613593232
[277702.293020] 140096518141392
[277702.293022] 140096612912168
[277702.293027] 140096547878496
[277702.293054] 140096562984352
[277702.293058] 140096614981440
[277702.293061] 140096519020576
[277702.293101] 140096516639440
[277702.293140] 140096556099496
[277702.293143] 140096612532648
[277702.293147] 140096562929224
[277702.293169] 140096611957664
[277702.293190] 140096611570464
[277702.293217] 140096548208608
[277702.293221] 140096612320240
[277702.293244] 140096563325768
[277702.293283] 140096611693632
[277702.293291] 140096613007824
[277702.293295] 140096519024640
[277702.293335] 140096555031688
[277702.293377] 140096547462216
[277702.293497] 140096517193240
[277702.293585] 140096539816568
[277702.293617] 140096614030112
[277702.293622] 140096612447264
[277702.293682] 140096519028736
[277702.293780] 140096517508048
[277702.293802] 140096613624304
[277702.293878] 140096519032832
[277702.293925] 140096548209704
[277702.293928] 140096613019720
[277702.293955] 140096614147072
[277702.293963] 140096614548368
[277702.293986] 140096539966224
[277702.294012] 140096530083840
[277702.294042] 140096561782416
[277702.294049] 140096612851656
[277702.294130] 140096519036928
[277702.294173] 140096614392848
[277702.294204] 140096517588232
[277702.294248] 140096564146000
[277702.294287] 140096565105592
[277702.294311] 140096539547176
[277702.294355] 140096511611280
[277702.294360] 140096519041024
[277702.294402] 140096517869392
[277702.294429] 140096612939216
[277702.294433] 140096612629056
[277702.294461] 140096518430888
[277702.294464] 140096614156616
[277702.294492] 140096612808560
[277702.294539] 140096556888968
[277702.294543] 140096611987592
[277702.294584] 140096611668032
[277702.294623] 140096519045120
[277702.294629] 140096547679864
[277702.294650] 140096516615104
[277702.294656] 140096514132224
[277702.294677] 140096517974992
[277702.294699] 140096511929720
[277702.294754] 140096556886472
[277702.294794] 140096520066416
[277702.294799] 140096563389440
[277702.294805] 140096529629184
[277702.294860] 140096519049216
[277702.294883] 140096615074688
[277702.294888] 140096536108400
[277702.294910] 140096518375792
[277702.294914] 140096612559696
[277702.294953] 140096611641664
[277702.294974] 140096536141688
[277702.295069] 140096514138464
[277702.295074] 140096519053312
[277702.295095] 140096612010608
[277702.295116] 140096519235400
[277702.295209] 140096612571088
[277702.295231] 140096518499288
[277702.295240] 140096613671968
[277702.295285] 140096544478816
[277702.295324] 140096519057408
[277702.295386] 140096564055880
[277702.295391] 140096536645120
[277702.295466] 140096548569912
[277702.295511] 140096613160272
[277702.295520] 140096517503992
[277702.295522] 140096613290216
[277702.295565] 140096519061504
[277702.295610] 140096614567728
[277702.295634] 140096512662352
[277702.295715] 140096511281440
[277702.295718] 140096613703480
[277702.295742] 140096546869640
[277702.295745] 140096612250808
[277702.295802] 140096519065600
[277702.295849] 140096611721040
[277702.295854] 140096561998336
[277702.295880] 140096612802064
[277702.295923] 140096514031760
[277702.295966] 140096529166336
[277702.296006] 140096547797480
[277702.296029] 140096519069696
[277702.296069] 140096546932040
[277702.296098] 140096539532904
[277702.296122] 140096555999224
[277702.296147] 140096514007112
[277702.296169] 140096611918608
[277702.296208] 140096611509088
[277702.296212] 140096539657688
[277702.296237] 140096612871520
[277702.296265] 140096614105824
[277702.296271] 140096519073792
[277702.296294] 140096510922296
[277702.296388] 140096563891592
[277702.296541] 140096555426856
[277702.296546] 140096555247472
[277702.296570] 140096547446720
[277702.296594] 140096519077888
[277702.296642] 140096548404840
[277702.296684] 140096554187224
[277702.296688] 140096613979480
[277702.296717] 140096614412976
[277702.296743] 140096536612848
[277702.296751] 140096612721488
[277702.296775] 140096515805048
[277702.296823] 140096515216624
[277702.296826] 140096612577016
[277702.296830] 140096614140688
[277702.296868] 140096612601856
[277702.296890] 140096519081984
[277702.297012] 140096548238056
[277702.297033] 140096611562880
[277702.297091] 140096517883792
[277702.297101] 140096612666392
[277702.297125] 140096536143968
[277702.297166] 140096519086088
[277702.297207] 140096531143808
[277702.297270] 140096530378288
[277702.297282] 140096555565104
[277702.297378] 140096519090176
[277702.297423] 140096613498400
[277702.297486] 140096547090584
[277702.297560] 140096519763960
[277702.297564] 140096564507704
[277702.297587] 140096519094272
[277702.297646] 140096561970520
[277702.297742] 140096547656872
[277702.297799] 140096519098384
[277702.297803] 140096518152992
[277702.297806] 140096612611008
[277702.297852] 140096516662216
[277702.297894] 140096519313672
[277702.297916] 140096539609936
[277702.297938] 140096515316752
[277702.297948] 140096517780888
[277702.298007] 140096539164040
[277702.298030] 140096519102488
[277702.298108] 140096511010424
[277702.298184] 140096561718784
[277702.298193] 140096536792056
[277702.298221] 140096536297944
[277702.298226] 140096553562696
[277702.298250] 140096519106576
[277702.298295] 140096553165160
[277702.298304] 140096545004224
[277702.298327] 140096612614896
[277702.298331] 140096612281056
[277702.298353] 140096531447312
[277702.298383] 140096518206488
[277702.298386] 140096613191352
[277702.298434] 140096539544712
[277702.298437] 140096614677496
[277702.298460] 140096561205496
[277702.298486] 140096518196888
[277702.298509] 140096515385480
[277702.298514] 140096519110656
[277702.298537] 140096539038064
[277702.298577] 140096517757688
[277702.298599] 140096531439000
[277702.298657] 140096615000656
[277702.298679] 140096545091304
[277702.298745] 140096519114784
[277702.298787] 140096612644640
[277702.298848] 140096554197520
[277702.298896] 140096511222408
[277702.298920] 140096564317864
[277702.298957] 140096563868208
[277702.298960] 140096614271416
[277702.298984] 140096519118888
[277702.299008] 140096514186512
[277702.299047] 140096519739200
[277702.299069] 140096517991288
[277702.299111] 140096530929488
[277702.299137] 140096612733392
[277702.299179] 140096563084840
[277702.299204] 140096523119024
[277702.299207] 140096612498440
[277702.299212] 140096519122976
[277702.299235] 140096514587416
[277702.299257] 140096548182440
[277702.299398] 140096547839840
[277702.299425] 140096518162888
[277702.299484] 140096514234248
[277702.299487] 140096612211176
[277702.299543] 140096614769776
[277702.299548] 140096519127040
[277702.299588] 140096512603752
[277702.299651] 140096564331280
[277702.299678] 140096561338112
[277702.299735] 140096614956112
[277702.299757] 140096516602624
[277702.299777] 140096519131136
[277702.299818] 140096515037856
[277702.299834] 140096513320376
[277702.299843] 140096518713344
[277702.299880] 140096615226320
[277702.299884] 140096611952848
[277702.299911] 140096513335352
[277702.299934] 140096554607120
[277702.299958] 140096553561360
[277702.300014] 140096519135232
[277702.300038] 140096536811560
[277702.300046] 140096538529792
[277702.300072] 140096555103664
[277702.300076] 140096518036088
[277702.300150] 140096528511320
[277702.300154] 140096530845536
[277702.300177] 140096545302840
[277702.300217] 140096512617968
[277702.300243] 140096538785016
[277702.300248] 140096519139328
[277702.300270] 140096612453520
[277702.300292] 140096516707144
[277702.300297] 140096512383376
[277702.300318] 140096564988984
[277702.300465] 140096613326976
[277702.300528] 140096519143424
[277702.300550] 140096614792560
[277702.300596] 140096511096416
[277702.300598] 140096612758120
[277702.300726] 140096562712096
[277702.300748] 140096519147520
[277702.300754] 140096546797280
[277702.300811] 140096615528120
[277702.300816] 140096561980552
[277702.300823] 140096538075136
[277702.300920] 140096514913736
[277702.300943] 140096615118624
[277702.300947] 140096564617216
[277702.300969] 140096615166032
[277702.300991] 140096614940016
[277702.301011] 140096519151616
[277702.301050] 140096516932408
[277702.301091] 140096548501056
[277702.301142] 140096512324016
[277702.301239] 140096519155712
[277702.301351] 140096538804168
[277702.301411] 140096516991064
[277702.301416] 140096555355024
[277702.301439] 140096556083320
[277702.301461] 140096528253696
[277702.301501] 140096564859568
[277702.301543] 140096519159808
[277702.301583] 140096611802832
[277702.301611] 140096613444592
[277702.301654] 140096511500608
[277702.301678] 140096564499280
[277702.301685] 140096537620480
[277702.301705] 140096556953552
[277702.301767] 140096519163904
[277702.301807] 140096547438824
[277702.301810] 140096611792488
[277702.301832] 140096518030592
[277702.301907] 140096564070808
[277702.301947] 140096563941704
[277702.301969] 140096564801536
[277702.301989] 140096519168000
[277702.302031] 140096514866736
[277702.302059] 140096613430256
[277702.302105] 140096548321952
[277702.302108] 140096614324664
[277702.302115] 140096536292928
[277702.302175] 140096545785712
[277702.302205] 140096514126608
[277702.302227] 140096519172096
[277702.302254] 140096613087704
[277702.302318] 140096612739888
[277702.302380] 140096612918352
[277702.302446] 140096614296384
[277702.302450] 140096519176192
[277702.302474] 140096520111480
[277702.302584] 140096611894368
[277702.302643] 140096519180288
[277702.302690] 140096547851048
[277702.302771] 140096548000176
[277702.302795] 140096520087624
[277702.302871] 140096519184384
[277702.302877] 140096555445120
[277702.302902] 140096613973184
[277702.302907] 140096536072272
[277702.302952] 140096613486832
[277702.302974] 140096519296272
[277702.302997] 140096512126760
[277702.303028] 140096613173296
[277702.303033] 140096511825480
[277702.303113] 140096545427968
[277702.303118] 140096519188488
[277702.303229] 140096536529400
[277702.303234] 140096538759024
[277702.303945] 140096547348008
[277702.303977] 140096531682048
[277702.304001] 140096519192576
[277702.304023] 140096528117112
[277702.304027] 140096528051688
[277702.304072] 140096613790640
[277702.304098] 140096553239608
[277702.304103] 140096544658840
[277702.304184] 140096614357576
[277702.304209] 140096612543696
[277702.304232] 140096519196672
[277702.304254] 140096512886056
[277702.304294] 140096531106872
[277702.304300] 140096537165824
[277702.304328] 140096514242696
[277702.304351] 140096615573736
[277702.304355] 140096518209688
[277702.304413] 140096511654184
[277702.304460] 140096548078488
[277702.304484] 140096519200784
[277702.304495] 140096520697872
[277702.304575] 140096612885824
[277702.304652] 140096547767528
[277702.304693] 140096519204888
[277702.304716] 140096519664200
[277702.304725] 140096539716664
[277702.304787] 140096613090128
[277702.304956] 140096512779168
[277702.304982] 140096519208976
[277702.305029] 140096548380216
[277702.305090] 140096517675592
[277702.305095] 140096511932664
[277702.305120] 140096548520768
[277702.305145] 140096512231800
[277702.305168] 140096512139360
[277702.305190] 140096548148928
[277702.305193] 140096612413416
[277702.305214] 140096554216864
[277702.305217] 140096611836056
[277702.305237] 140096506630000
[277702.305242] 140096506630144
[277702.305306] 140096506124960
[277702.305313] 140096506132048
[277702.305334] 140096539241384
[277702.305336] 140096614775576
[277702.305341] 140096539342368
[277702.305451] 140096530981816
[277702.305456] 140096564493352
[277702.305513] 140096538750256
[277702.305522] 140096613997104
[277702.305564] 140096506634272
[277702.305595] 140096513923496
[277702.305598] 140096613864776
[277702.305628] 140096505193960
[277702.305633] 140096505193976
[277702.305674] 140096506300216
[277702.305680] 140096506300232
[277702.305706] 140096614626848
[277702.305731] 140096540006368
[277702.305793] 140096556002656
[277702.305815] 140096513211120
[277702.305819] 140096506638376
[277702.305822] 140096614975344
[277702.305849] 140096614700680
[277702.305872] 140096504690496
[277702.305877] 140096504690512
[277702.305901] 140096536551640
[277702.305922] 140096611534416
[277702.305944] 140096512861240
[277702.305970] 140096503756744
[277702.305981] 140096503756760
[277702.305983] 140096613099864
[277702.306009] 140096554244976
[277702.306013] 140096555064040
[277702.306078] 140096506642464
[277702.306155] 140096614870432
[277702.306201] 140096548127848
[277702.306204] 140096614246152
[277702.306265] 140096514924248
[277702.306288] 140096506646528
[277702.306345] 140096519858856
[277702.306349] 140096505157664
[277702.306354] 140096505157680
[277702.306393] 140096505663960
[277702.306398] 140096505663976
[277702.306402] 140096512052864
[277702.306441] 140096511786136
[277702.306481] 140096503196096
[277702.306486] 140096503196112
[277702.306526] 140096539350696
[277702.306555] 140096506650624
[277702.306599] 140096528945824
[277702.306699] 140096556529832
[277702.306725] 140096504212512
[277702.306730] 140096504212528
[277702.306752] 140096564744104
[277702.306775] 140096506654720
[277702.306798] 140096504377872
[277702.306809] 140096504377888
[277702.306870] 140096538833808
[277702.306897] 140096545292112
[277702.306900] 140096613079608
[277702.306907] 140096530087936
[277702.306933] 140096505855264
[277702.306937] 140096505855280
[277702.306979] 140096562974056
[277702.307008] 140096539566888
[277702.307030] 140096563563120
[277702.307036] 140096506658816
[277702.307128] 140096505963160
[277702.307132] 140096505963176
[277702.307154] 140096547692608
[277702.307158] 140096528333064
[277702.307197] 140096555095240
[277702.307220] 140096513409920
[277702.307228] 140096614391664
[277702.307252] 140096554806328
[277702.307272] 140096615591000
[277702.307279] 140096506662912
[277702.307338] 140096512735696
[277702.307341] 140096614137608
[277702.307344] 140096506013896
[277702.307350] 140096506013912
[277702.307416] 140096613368432
[277702.307440] 140096548174184
[277702.307522] 140096546071136
[277702.307546] 140096506667008
[277702.307551] 140096531452008
[277702.307573] 140096506503816
[277702.307577] 140096506503832
[277702.307605] 140096519727504
[277702.307629] 140096611970528
[277702.307637] 140096613626912
[277702.307660] 140096536110224
[277702.307683] 140096561673184
[277702.307688] 140096561988040
[277702.307710] 140096511131520
[277702.307739] 140096614113808
[277702.307744] 140096553482976
[277702.307749] 140096529633280
[277702.307807] 140096506671104
[277702.307832] 140096536467840
[277702.307875] 140096612752128
[277702.307921] 140096547647272
[277702.307925] 140096514530192
[277702.307983] 140096555113648
[277702.308010] 140096544599248
[277702.308013] 140096613096920
[277702.308038] 140096506675200
[277702.308059] 140096505096408
[277702.308064] 140096505096424
[277702.308068] 140096504273664
[277702.308072] 140096506109480
[277702.308168] 140096615544568
[277702.308189] 140096504744784
[277702.308195] 140096504744800
[277702.308236] 140096538805888
[277702.308257] 140096536327688
[277702.308262] 140096506679296
[277702.308325] 140096505190480
[277702.308413] 140096613253184
[277702.308482] 140096545140672
[277702.308486] 140096506683392
[277702.308531] 140096614180112
[277702.308556] 140096528432464
[277702.308667] 140096614383344
[277702.308706] 140096506687488
[277702.308752] 140096545129664
[277702.308757] 140096548048528
[277702.308849] 140096556536384
[277702.308870] 140096545724856
[277702.308876] 140096529170432
[277702.308897] 140096504134512
[277702.308902] 140096504134528
[277702.308922] 140096506436720
[277702.308927] 140096506436736
[277702.308950] 140096506691584
[277702.309061] 140096547253088
[277702.309084] 140096620838976
[277702.309125] 140096531580664
[277702.309155] 140096612822368
[277702.309159] 140096506695680
[277702.309182] 140096505469960
[277702.309187] 140096505469976
[277702.309245] 140096564152864
[277702.309250] 140096556542624
[277702.309297] 140096536063256
[277702.309323] 140096564221144
[277702.309346] 140096511943568
[277702.309368] 140096505723560
[277702.309372] 140096505723576
[277702.309395] 140096506699776
[277702.309458] 140096614035296
[277702.309522] 140096512170264
[277702.309602] 140096555424584
[277702.309626] 140096506703872
[277702.309630] 140096556405344
[277702.309634] 140096520142944
[277702.309674] 140096553608592
[277702.309698] 140096513230392
[277702.309719] 140096530865216
[277702.309723] 140096562200840
[277702.309744] 140096503150824
[277702.309754] 140096503150840
[277702.309843] 140096536087320
[277702.309870] 140096506707976
[277702.309874] 140096613440560
[277702.310007] 140096563527216
[277702.310029] 140096538767584
[277702.310071] 140096506712064
[277702.310097] 140096538940080
[277702.310176] 140096527631104
[277702.310226] 140096519977216
[277702.310288] 140096506716160
[277702.310310] 140096531203808
[277702.310353] 140096539247432
[277702.310393] 140096506560336
[277702.310415] 140096554816976
[277702.310435] 140096506368616
[277702.310441] 140096506368632
[277702.310480] 140096505420064
[277702.310484] 140096505420080
[277702.310507] 140096556923912
[277702.310512] 140096556388496
[277702.310533] 140096506720272
[277702.310542] 140096505579560
[277702.310547] 140096505579576
[277702.310549] 140096614071432
[277702.310594] 140096536066800
[277702.310617] 140096506356336
[277702.310638] 140096545565952
[277702.310678] 140096544820768
[277702.310709] 140096615408584
[277702.310735] 140096546000568
[277702.310756] 140096503293568
[277702.310761] 140096503293584
[277702.310784] 140096506724376
[277702.310824] 140096548460120
[277702.310829] 140096513374352
[277702.310851] 140096511636208
[277702.310874] 140096547412520
[277702.310913] 140096528322328
[277702.310935] 140096506082960
[277702.310940] 140096506082976
[277702.311003] 140096506728464
[277702.311025] 140096565005320
[277702.311029] 140096553191648
[277702.311050] 140096504944464
[277702.311055] 140096504944480
[277702.311059] 140096548417152
[277702.311135] 140096546778112
[277702.311157] 140096503304816
[277702.311193] 140096547364496
[277702.311244] 140096544850720
[277702.311248] 140096506732544
[277702.311386] 140096514087920
[277702.311411] 140096503759832
[277702.311416] 140096536860912
[277702.311456] 140096553654848
[277702.311479] 140096505517960
[277702.311483] 140096505517976
[277702.311506] 140096513018568
[277702.311538] 140096514539952
[277702.311586] 140096503207472
[277702.311607] 140096506736672
[277702.311667] 140096506495136
[277702.311711] 140096613104384
[277702.311807] 140096506740776
[277702.311851] 140096544522808
[277702.311860] 140096522941936
[277702.311890] 140096556148256
[277702.311932] 140096513165648
[277702.311954] 140096506533032
[277702.312030] 140096506744864
[277702.312105] 140096505684080
[277702.312216] 140096506748928
[277702.312313] 140096539228496
[277702.312317] 140096505185680
[277702.312341] 140096502809408
[277702.312347] 140096502809424
[277702.312390] 140096613845584
[277702.312395] 140096538810448
[277702.312397] 140096615180264
[277702.312455] 140096506753024
[277702.312501] 140096614758960
[277702.312510] 140096506134528
[277702.312546] 140096548030528
[277702.312551] 140096545115016
[277702.312573] 140096561905584
[277702.312611] 140096506384736
[277702.312615] 140096528177640
[277702.312672] 140096506757120
[277702.312676] 140096536724920
[277702.312703] 140096538533888
[277702.312757] 140096519696392
[277702.312818] 140096563106056
[277702.312865] 140096503614496
[277702.312882] 140096503614512
[277702.312890] 140096614040320
[277702.312919] 140096564031544
[277702.312945] 140096514271400
[277702.312950] 140096506761216
[277702.313044] 140096504734816
[277702.313066] 140096514161552
[277702.313093] 140096539137248
[277702.313153] 140096514327248
[277702.313157] 140096527754288
[277702.313183] 140096511566560
[277702.313226] 140096506765312
[277702.313388] 140096565068808
[277702.313392] 140096504413128
[277702.313397] 140096504413144
[277702.313435] 140096506769408
[277702.313497] 140096538079232
[277702.313619] 140096506773504
[277702.313661] 140096514136592
[277702.313688] 140096564302264
[277702.313749] 140096506491032
[277702.313774] 140096562994648
[277702.313778] 140096514221144
[277702.313807] 140096544695968
[277702.313851] 140096506777600
[277702.313873] 140096505525176
[277702.313999] 140096512600800
[277702.314039] 140096506781696
[277702.314060] 140096547663568
[277702.314101] 140096547690576
[277702.314151] 140096530432880
[277702.314156] 140096561926744
[277702.314186] 140096537624576
[277702.314207] 140096528409896
[277702.314265] 140096506785792
[277702.314304] 140096528127032
[277702.314379] 140096553607032
[277702.314401] 140096505238776
[277702.314429] 140096519732496
[277702.314488] 140096506789888
[277702.314511] 140096514583360
[277702.314551] 140096563148200
[277702.314555] 140096545066624
[277702.314577] 140096504093968
[277702.314616] 140096538992736
[277702.314661] 140096511899920
[277702.314686] 140096505175576
[277702.314707] 140096505552080
[277702.314710] 140096611656376
[277702.314714] 140096506793984
[277702.314717] 140096531671600
[277702.314749] 140096539196512
[277702.314752] 140096613153336
[277702.314775] 140096505540080
[277702.314798] 140096539581008
[277702.314908] 140096512870592
[277702.314930] 140096502703848
[277702.314935] 140096502703864
[277702.314939] 140096506798080
[277702.314978] 140096564156920
[277702.315001] 140096554240520
[277702.315023] 140096565087296
[277702.315045] 140096556937640
[277702.315088] 140096612861328
[277702.315116] 140096504110504
[277702.315138] 140096503657304
[277702.315143] 140096555207304
[277702.315165] 140096506802176
[277702.315186] 140096539300760
[277702.315413] 140096506806272
[277702.315496] 140096554137408
[277702.315499] 140096614363960
[277702.315524] 140096506596216
[277702.315527] 140096506596232
[277702.315548] 140096528981144
[277702.315589] 140096511971664
[277702.315612] 140096539653408
[277702.315633] 140096545398240
[277702.315656] 140096506810376
[277702.315696] 140096544808600
[277702.315700] 140096505793664
[277702.315704] 140096505793680
[277702.315741] 140096544874744
[277702.315746] 140096536390464
[277702.315801] 140096506296320
[277702.315806] 140096506296336
[277702.315828] 140096548468224
[277702.315871] 140096562152792
[277702.315882] 140096506814464
[277702.315905] 140096547414272
[277702.315928] 140096561509448
[277702.315971] 140096545542600
[277702.316012] 140096506031408
[277702.316056] 140096505092368
[277702.316098] 140096506818560
[277702.316158] 140096537169920
[277702.316180] 140096506391432
[277702.316222] 140096505630480
[277702.316295] 140096544511576
[277702.316300] 140096514256424
[277702.316320] 140096506822672
[277702.316388] 140096556144824
[277702.316434] 140096561623472
[277702.316474] 140096505213680
[277702.316513] 140096540035784
[277702.316538] 140096506826776
[277702.316562] 140096545165304
[277702.316672] 140096505972240
[277702.316693] 140096511391872
[277702.316735] 140096506830864
[277702.316773] 140096505938080
[277702.316834] 140096527959280
[277702.316877] 140096504701432
[277702.316933] 140096553575928
[277702.316938] 140096506834944
[277702.316962] 140096555311768
[277702.317037] 140096505102976
[277702.317039] 140096612068072
[277702.317080] 140096505000312
[277702.317085] 140096505000328
[277702.317106] 140096513169624
[277702.317164] 140096506839072
[277702.317168] 140096511485448
[277702.317193] 140096536048208
[277702.317308] 140096523125480
[277702.317352] 140096614054768
[277702.317378] 140096506843176
[277702.317382] 140096520944624
[277702.317422] 140096562370672
[277702.317445] 140096512510168
[277702.317467] 140096548498880
[277702.317471] 140096505307560
[277702.317482] 140096505307576
[277702.317506] 140096545343976
[277702.317554] 140096514563216
[277702.317579] 140096615321224
[277702.317621] 140096503544792
[277702.317630] 140096503544808
[277702.317635] 140096506847264
[277702.317657] 140096506515032
[277702.317714] 140096511341960
[277702.317718] 140096505221176
[277702.317743] 140096520052400
[277702.317801] 140096511354040
[277702.317842] 140096506851328
[277702.317881] 140096555390080
[277702.317925] 140096539892080
[277702.317965] 140096553229992
[277702.318005] 140096548463208
[277702.318062] 140096506855424
[277702.318120] 140096612415328
[277702.318163] 140096564699584
[277702.318259] 140096514858904
[277702.318264] 140096506859520
[277702.318358] 140096554572712
[277702.318364] 140096530092032
[277702.318401] 140096536267848
[277702.318405] 140096564796856
[277702.318444] 140096536409016
[277702.318468] 140096506863616
[277702.318489] 140096562690256
[277702.318530] 140096615542592
[277702.318562] 140096519717336
[277702.318591] 140096511908888
[277702.318707] 140096506867712
[277702.318747] 140096548153728
[277702.318768] 140096504032800
[277702.318773] 140096504032816
[277702.318873] 140096530611528
[277702.318918] 140096511407808
[277702.318941] 140096506871808
[277702.318983] 140096528406472
[277702.319005] 140096502681624
[277702.319018] 140096502681640
[277702.319099] 140096531276248
[277702.319105] 140096529637376
[277702.319125] 140096506473432
[277702.319148] 140096528771184
[277702.319168] 140096506875904
[277702.319173] 140096563301744
[277702.319195] 140096536455424
[277702.319218] 140096547132072
[277702.319339] 140096513407112
[277702.319390] 140096536000784
[277702.319450] 140096539449840
[277702.319473] 140096506880000
[277702.319549] 140096506421432
[277702.319570] 140096563037728
[277702.319647] 140096512060264
[277702.319669] 140096506884096
[277702.319851] 140096506888192
[277702.319931] 140096536295664
[277702.319956] 140096564906624
[277702.319980] 140096555076208
[277702.320071] 140096506892288
[277702.320131] 140096523063944
[277702.320154] 140096548296312
[277702.320266] 140096529174528
[277702.320328] 140096506896384
[277702.320420] 140096539479200
[277702.320424] 140096544740272
[277702.320445] 140096503085920
[277702.320457] 140096503085936
[277702.320499] 140096562426520
[277702.320525] 140096554183480
[277702.320549] 140096611862032
[277702.320553] 140096504193168
[277702.320558] 140096504193184
[277702.320561] 140096506900480
[277702.320583] 140096505359664
[277702.320592] 140096505359680
[277702.320616] 140096504616240
[277702.320626] 140096504616256
[277702.320684] 140096548312376
[277702.320745] 140096614671232
[277702.320769] 140096554293288
[277702.320793] 140096506904576
[277702.320850] 140096505273280
[277702.320872] 140096540094928
[277702.320982] 140096512637768
[277702.321003] 140096506908672
[277702.321006] 140096503062384
[277702.321051] 140096613910512
[277702.321075] 140096562080880
[277702.321151] 140096556078640
[277702.321208] 140096506912776
[277702.321212] 140096505541176
[277702.321251] 140096523313088
[277702.321307] 140096563194328
[277702.321311] 140096504075560
[277702.321350] 140096536170416
[277702.321413] 140096513910080
[277702.321418] 140096506916864
[277702.321529] 140096513324120
[277702.321552] 140096563897072
[277702.321590] 140096563154392
[277702.321612] 140096505785680
[277702.321617] 140096506920960
[277702.321637] 140096502513760
[277702.321647] 140096502513776
[277702.321677] 140096555918256
[277702.321681] 140096528907448
[277702.321843] 140096506925072
[277702.321886] 140096514166856
[277702.321944] 140096547089432
[277702.321970] 140096562245456
[277702.322036] 140096513223072
[277702.322059] 140096531607440
[277702.322064] 140096506929176
[277702.322127] 140096563739488
[277702.322132] 140096505476376
[277702.322208] 140096511684856
[277702.322266] 140096506933264
[277702.322323] 140096563569888
[277702.322416] 140096547039472
[277702.322437] 140096513959688
[277702.322460] 140096554854224
[277702.322464] 140096506329032
[277702.322467] 140096506937344
[277702.322488] 140096512423464
[277702.322510] 140096539185744
[277702.322551] 140096505659576
[277702.322591] 140096556429992
[277702.322632] 140096519799928
[277702.322655] 140096555019424
[277702.322683] 140096544987688
[277702.322707] 140096506941472
[277702.322712] 140096514427856
[277702.322768] 140096505265976
[277702.322810] 140096511630216
[277702.322905] 140096506945576
[277702.322909] 140096563076104
[277702.322932] 140096546085064
[277702.323007] 140096547959448
[277702.323029] 140096502815120
[277702.323104] 140096523383408
[277702.323108] 140096506949664
[277702.323150] 140096505769576
[277702.323179] 140096512471976
[277702.323226] 140096556102616
[277702.323252] 140096530832952
[277702.323293] 140096561914176
[277702.323362] 140096505327976
[277702.323367] 140096511058480
[277702.323391] 140096506953728
[277702.323484] 140096562254816
[277702.323511] 140096547832712
[277702.323514] 140096613401784
[277702.323556] 140096548430480
[277702.323565] 140096544620776
[277702.323607] 140096536524384
[277702.323628] 140096506957824
[277702.323659] 140096503881832
[277702.323665] 140096503881848
[277702.323690] 140096539605048
[277702.323699] 140096506138624
[277702.323717] 140096505645680
[277702.323743] 140096546122904
[277702.323802] 140096503717904
[277702.323833] 140096502604432
[277702.323842] 140096502604448
[277702.323865] 140096528974960
[277702.323870] 140096555050760
[277702.323891] 140096506961920
[277702.323919] 140096538537984
[277702.323943] 140096613336704
[277702.323983] 140096531422800
[277702.323988] 140096545026064
[277702.324048] 140096562197720
[277702.324088] 140096514379088
[277702.324097] 140096612995616
[277702.324120] 140096531481464
[277702.324125] 140096506966016
[277702.324147] 140096563622752
[277702.324227] 140096512376288
[277702.324323] 140096506970112
[277702.324402] 140096504668984
[277702.324482] 140096613039040
[277702.324526] 140096564762848
[277702.324547] 140096506974208
[277702.324571] 140096504164168
[277702.324575] 140096506439136
[277702.324622] 140096538083328
[277702.324659] 140096504373208
[277702.324755] 140096506978304
[277702.324760] 140096555387944
[277702.324794] 140096503749992
[277702.324835] 140096539461672
[277702.324859] 140096523395240
[277702.324939] 140096505635576
[277702.324971] 140096504753224
[277702.324995] 140096506982400
[277702.325058] 140096555586320
[277702.325197] 140096506986496
[277702.325307] 140096556927032
[277702.325316] 140096537628672
[277702.325380] 140096615619392
[277702.325390] 140096539422440
[277702.325418] 140096506990592
[277702.325441] 140096554269576
[277702.325536] 140096514823792
[277702.325613] 140096564677120
[277702.325634] 140096506994688
[277702.325748] 140096548137952
[277702.325770] 140096545434664
[277702.325774] 140096513341592
[277702.325802] 140096505894480
[277702.325825] 140096503146608
[277702.325848] 140096506998784
[277702.325852] 140096502654248
[277702.325935] 140096505296376
[277702.325978] 140096564020000
[277702.326055] 140096507002880
[277702.326079] 140096544442936
[277702.326083] 140096504068072
[277702.326142] 140096510917112
[277702.326169] 140096563996968
[277702.326209] 140096503826768
[277702.326214] 140096503826784
[277702.326224] 140096514084176
[277702.326265] 140096503597048
[277702.326275] 140096503597064
[277702.326301] 140096507006976
[277702.326393] 140096528609768
[277702.326640] 140096520562744
[277702.326656] 140096505137696
[277702.326736] 140096547780320
[277702.327442] 140096507011112
[277702.327461] 140096505323576
[277702.327492] 140096615584504
[277702.327502] 140096539759160
[277702.327544] 140096556637472
[277702.327625] 140096613158816
[277771.570992] 94722188652792
[277771.571178] 140096507014648
[277771.571199] 140096690065544
[277771.571203] 140096612908336
[277771.571207] 140096616055272
[277771.571218] 140096519560664
[277771.571221] 140096612379016
[277771.571224] 140096616062832
[277771.571232] 140096507015168
[277771.571242] 140096537173816
[277771.571246] 140096616143800
[277771.571248] 140096615234256
[277771.571254] 140096537629184
[277771.571264] 140096538084104
[277771.571268] 140096538539024
[277771.571273] 140096520394984
[277771.571277] 140096520231112
[277771.571282] 140096513021896
[277771.571286] 140096513259600
[277771.571288] 140096616260368
[277771.571296] 140096513027856
[277771.571299] 140096616308552
[277771.571302] 140096548263864
[277771.571308] 140096616309784
[277771.571311] 140096536370632
[277771.571314] 140096616398832
[277771.571317] 140096536371280
[277771.571319] 140096616399048
[277771.571322] 140096548259408
[277771.571329] 140096536377232
[277771.571332] 140096616402976
[277771.571336] 140096512925712
[277771.571338] 140096616409272
[277771.571341] 140096512929792
[277771.571343] 140096518526744
[277771.571346] 140096513299168
[277771.571559] 140096613700240
[277771.571574] 140096519358928
[277771.571577] 140096615235728
[277771.571582] 140096520562760
[277771.571892] 140096614768256
[277771.571902] 140096614505072
[277771.571911] 140096529176896
[277771.571916] 140096529640152
[277771.571920] 140096530095072
[277771.571933] 140096506139720
[277771.571936] 140096615328696
[277771.571960] 140096528776072
[277771.571962] 140096613196504
[277771.571966] 140096614017888
[277771.571988] 140096611614480
[277771.571993] 140096612599968
[277771.572014] 140096611896864
[277771.572023] 140096505946840
[277771.572026] 140096505143312
[277771.572050] 140096614047616
[277771.572055] 140096612735744
[277771.572077] 140096614460544
[277771.572087] 140096505941184
[277771.572103] 140096613275424
[277771.572107] 140096614542672
[277771.572147] 140096611837472
[277771.572152] 140096614112928
[277771.572211] 140096611822976
[277771.572222] 140096507019264
[277771.572271] 140096613352704
[277771.572275] 140096612456784
[277771.572319] 140096614401440
[277771.572332] 140096514266096
[277771.572340] 140096611570888
[277771.572402] 140096612326720
[277771.572410] 140096614431312
[277771.572468] 140096505723280
[277771.572475] 140096611771368
[277771.572508] 140096611783360
[277771.572512] 140096612115440
[277771.572533] 140096612743712
[277771.572537] 140096614831472
[277771.572558] 140096614915280
[277771.572562] 140096615048640
[277771.587871] kprobe at 00000000dda9fcf5 unregistered
