[277281.268400] 140096616407936
[277281.268403] 140096545077280
[277281.271285] 140096517721752
[277281.271293] 140096690065544
[277281.271296] 140096614812752
[277281.271300] 140096615234016
[277281.271317] 140096537139376
[277281.271321] 140096529142504
[277281.271325] 140096529605760
[277281.271328] 140096530060680
[277281.271332] 140096537594744
[277281.271335] 140096538049664
[277281.271338] 140096538504584
[277281.271342] 140096519358872
[277281.271345] 140096615235728
[277281.271347] 140096536396544
[277281.271350] 140096616408480
[277281.271394] 140096517722128
[277281.271402] 140096512570416
[277281.271405] 140096611634328
[277281.271420] 140096613363824
[277281.271437] 140096548798288
[277281.271440] 140096615328696
[277281.271487] 140096613776160
[277281.271501] 140096613497664
[277281.271537] 140096614277584
[277281.271542] 140096612589760
[277281.271569] 140096613349376
[277281.271577] 140096511642096
[277281.271580] 140096613575960
[277281.271654] 140096544634504
[277281.271661] 140096613915320
[277281.271673] 140096615152160
[277281.271782] 140096545441984
[277281.271786] 140096612369896
[277281.271797] 140096614818080
[277281.271831] 140096612713888
[277281.271843] 140096536301696
[277281.271846] 140096613528104
[277281.271875] 140096614723440
[277281.271883] 140096612935312
[277281.271911] 140096564758768
[277281.271914] 140096611778712
[277281.271947] 140096613007632
[277281.271955] 140096611783120
[277281.271982] 140096614596896
[277281.271986] 140096517726232
[277281.271992] 140096615130320
[277281.272016] 140096611799040
[277281.272024] 140096613221872
[277281.272051] 140096613244896
[277281.272060] 140096547006240
[277281.272062] 140096614142184
[277281.272086] 140096612425872
[277281.272090] 140096612081024
[277281.273153] 140096536870032
[277281.273164] 140096612677576
[277281.273173] 140096613150832
[277281.273208] 140096613722656
[277281.273216] 140096613888704
[277281.273243] 140096614193664
[277281.273251] 140096612725520
[277281.273275] 140096547036624
[277281.273277] 140096614770664
[277281.273286] 140096614073104
[277281.273407] 140096612626816
[277281.273413] 140096612145632
[277281.273445] 140096614379792
[277281.273456] 140096614183632
[277281.273486] 140096516249616
[277281.273490] 140096613941560
[277281.273498] 140096613060240
[277281.273502] 140096517730320
[277281.273533] 140096613385296
[277281.273540] 140096613451504
[277281.273568] 140096612973280
[277281.273572] 140096612125728
[277281.273580] 140096548798464
[277281.273607] 140096523101480
[277281.273610] 140096611910168
[277281.273618] 140096611623024
[277281.273646] 140096612835472
[277281.273653] 140096613967200
[277281.273680] 140096511550296
[277281.273683] 140096613144104
[277281.273688] 140096555650768
[277281.273691] 140096614538696
[277281.273718] 140096613176640
[277281.273722] 140096615069808
[277281.273745] 140096615044272
[277281.273754] 140096556230000
[277281.273756] 140096612711080
[277281.273780] 140096547852200
[277281.273783] 140096615022360
[277281.273786] 140096611677440
[277281.273812] 140096613552400
[277281.273820] 140096544982696
[277281.273823] 140096613873752
[277281.273850] 140096614624368
[277281.273854] 140096614990192
[277281.273858] 140096517734400
[277281.273885] 140096613789664
[277281.273893] 140096614057680
[277281.273922] 140096613000352
[277281.273949] 140096614561856
[277281.273961] 140096545468992
[277281.273964] 140096614337048
[277281.273987] 140096515337288
[277281.273990] 140096614891512
[277281.273998] 140096613081136
[277281.274026] 140096519788384
[277281.274029] 140096613677160
[277281.274036] 140096613104144
[277281.274062] 140096613559040
[277281.274070] 140096613887072
[277281.274097] 140096614159568
[277281.274104] 140096614401616
[277281.274127] 140096612001136
[277281.274137] 140096562078384
[277281.274169] 140096556958232
[277281.274172] 140096612939160
[277281.274176] 140096611813488
[277281.274200] 140096615028864
[277281.274222] 140096517738528
[277281.274226] 140096536363256
[277281.274229] 140096611901768
[277281.274237] 140096614717520
[277281.274261] 140096612519360
[277281.274265] 140096611981648
[277281.274292] 140096614555088
[277281.274315] 140096611787040
[277281.274319] 140096614897776
[277281.274340] 140096611629200
[277281.274348] 140096613674576
[277281.274372] 140096530398032
[277281.274375] 140096612064584
[277281.274378] 140096612645216
[277281.274405] 140096612796096
[277281.274413] 140096613489408
[277281.274436] 140096612156272
[277281.274445] 140096517658120
[277281.274447] 140096614019240
[277281.274470] 140096612648704
[277281.274474] 140096615089744
[277281.274499] 140096613466816
[277281.274511] 140096527782880
[277281.274514] 140096613984200
[277281.274542] 140096514875992
[277281.274545] 140096613408392
[277281.274549] 140096517742632
[277281.274553] 140096556106672
[277281.274581] 140096614062064
[277281.274589] 140096613642960
[277281.274618] 140096563790760
[277281.274621] 140096612522040
[277281.274628] 140096613640720
[277281.274651] 140096612404224
[277281.274655] 140096612283152
[277281.274683] 140096615162672
[277281.274691] 140096613612240
[277281.274714] 140096612170176
[277281.274718] 140096611573200
[277281.274739] 140096615213472
[277281.274747] 140096613403776
[277281.274770] 140096612014864
[277281.274778] 140096613209808
[277281.274801] 140096611709728
[277281.274805] 140096611752880
[277281.274827] 140096513272728
[277281.274830] 140096615015576
[277281.274835] 140096547176336
[277281.274837] 140096615050408
[277281.274859] 140096615182656
[277281.274863] 140096614760560
[277281.274866] 140096517746720
[277281.274892] 140096613729824
[277281.274900] 140096545252832
[277281.274902] 140096614551464
[277281.274930] 140096614515728
[277281.274937] 140096613860608
[277281.274964] 140096614000416
[277281.274971] 140096614282592
[277281.274995] 140096511385024
[277281.275000] 140096612548608
[277281.275025] 140096612926112
[277281.275033] 140096554265120
[277281.275036] 140096613121736
[277281.275063] 140096613815632
[277281.275072] 140096548091824
[277281.275074] 140096613762456
[277281.275101] 140096613604192
[277281.275105] 140096612006336
[277281.275129] 140096612112128
[277281.275137] 140096614357584
[277281.275171] 140096612968704
[277281.275175] 140096611809264
[277281.275200] 140096536145336
[277281.275203] 140096615171528
[277281.275211] 140096613958400
[277281.275215] 140096517750784
[277281.275240] 140096554181296
[277281.275242] 140096612847512
[277281.275246] 140096611858416
[277281.275272] 140096614377296
[277281.275280] 140096613523024
[277281.275303] 140096612509296
[277281.275307] 140096615191120
[277281.275328] 140096612196112
[277281.275332] 140096614891744
[277281.275353] 140096612452656
[277281.275361] 140096613593760
[277281.275390] 140096615033872
[277281.275417] 140096516346576
[277281.275420] 140096613799240
[277281.275424] 140096614856656
[277281.275432] 140096538505216
[277281.275453] 140096612634384
[277281.275476] 140096612560656
[277281.275481] 140096513291504
[277281.275483] 140096611547624
[277281.275510] 140096613229440
[277281.275537] 140096517754880
[277281.275541] 140096614097456
[277281.275545] 140096612667712
[277281.275569] 140096528074224
[277281.275572] 140096614948728
[277281.275575] 140096615013456
[277281.275602] 140096614066448
[277281.275609] 140096613563968
[277281.275880] 140096613352496
[277281.275943] 140096613311760
[277281.275971] 140096613072848
[277281.275980] 140096614216672
[277281.276008] 140096612866304
[277281.276013] 140096512046240
[277281.276016] 140096611890696
[277281.276043] 140096614029904
[277281.276068] 140096521208320
[277281.276071] 140096611936376
[277281.276093] 140096612479856
[277281.276103] 140096563005592
[277281.276132] 140096517758976
[277281.276139] 140096613318032
[277281.276545] 140096613220160
[277281.276580] 140096612493296
[277281.276605] 140096612476080
[277281.276631] 140096614646016
[277281.276639] 140096613214496
[277281.276661] 140096611870896
[277281.276665] 140096614955600
[277281.276688] 140096517549856
[277281.276691] 140096615135512
[277281.276700] 140096523073640
[277281.276702] 140096612504376
[277281.276730] 140096613659840
[277281.276734] 140096612043632
[277281.276756] 140096612654784
[277281.276765] 140096512622720
[277281.276767] 140096613142056
[277281.276794] 140096613423440
[277281.276798] 140096615036352
[277281.276823] 140096614178256
[277281.276831] 140096614693024
[277281.276835] 140096517763072
[277281.276866] 140096547576448
[277281.276874] 140096613846112
[277281.276901] 140096614564928
[277281.276905] 140096614924928
[277281.276950] 140096531413064
[277281.276953] 140096614166328
[277281.276976] 140096614998352
[277281.276984] 140096614644704
[277281.277006] 140096512719976
[277281.277009] 140096612442888
[277281.277013] 140096612183024
[277281.277039] 140096613538368
[277281.277067] 140096612851280
[277281.277096] 140096512780344
[277281.277099] 140096614197208
[277281.277106] 140096538050560
[277281.277128] 140096546118120
[277281.277131] 140096612447640
[277281.277135] 140096544857896
[277281.277137] 140096615062920
[277281.277141] 140096517767168
[277281.277167] 140096613264320
[277281.277171] 140096545990768
[277281.277197] 140096614506512
[277281.277205] 140096613396192
[277281.277232] 140096614051264
[277281.277255] 140096611703424
[277281.277280] 140096613269936
[277281.277284] 140096612465712
[277281.277311] 140096614086192
[277281.277339] 140096536430448
[277281.277342] 140096612690072
[277281.277349] 140096614253152
[277281.277377] 140096614054912
[277281.277385] 140096547515336
[277281.277388] 140096614313144
[277281.277410] 140096612258432
[277281.277415] 140096523257056
[277281.277417] 140096614939016
[277281.277438] 140096614870480
[277281.277446] 140096613324912
[277281.277468] 140096517771264
[277281.277472] 140096612243616
[277281.277495] 140096612231888
[277281.277499] 140096612096928
[277281.277526] 140096615008880
[277281.277553] 140096614323152
[277281.277557] 140096611872944
[277281.277583] 140096614666096
[277281.277591] 140096612766832
[277281.277617] 140096614733248
[277281.277641] 140096611947440
[277281.277645] 140096612130640
[277281.277670] 140096614249488
[277281.277674] 140096612186416
[277281.277699] 140096613740192
[277281.277703] 140096612298352
[277281.277729] 140096612900208
[277281.277733] 140096612594448
[277281.277755] 140096517775360
[277281.277759] 140096556513920
[277281.277762] 140096611575064
[277281.277766] 140096516300832
[277281.277788] 140096613930416
[277281.277796] 140096614445248
[277281.277825] 140096517110560
[277281.277828] 140096615156952
[277281.277860] 140096555948256
[277281.277863] 140096614228872
[277281.277866] 140096612662288
[277281.277889] 140096511179488
[277281.277893] 140096612275088
[277281.277915] 140096531485728
[277281.277917] 140096611798952
[277281.277921] 140096612609360
[277281.277946] 140096612875856
[277281.277953] 140096613971312
[277281.277980] 140096612832624
[277281.278004] 140096611865344
[277281.278025] 140096612314272
[277281.278034] 140096613030880
[277281.278058] 140096517779456
[277281.278081] 140096611603856
[277281.278089] 140096613750464
[277281.278095] 140096537595904
[277281.278120] 140096613033952
[277281.278128] 140096555683344
[277281.278131] 140096612861416
[277281.278171] 140096614853216
[277281.278176] 140096528191720
[277281.278202] 140096546808304
[277281.278205] 140096614526968
[277281.278209] 140096561186048
[277281.278216] 140096614910680
[277281.278238] 140096612142496
[277281.278242] 140096614976608
[277281.278267] 140096528424480
[277281.278270] 140096613200136
[277281.278278] 140096544901264
[277281.278305] 140096613517184
[277281.278315] 140096516619160
[277281.278317] 140096611515944
[277281.278341] 140096512802056
[277281.278344] 140096612497896
[277281.278352] 140096612675088
[277281.278379] 140096612692448
[277281.278383] 140096614915584
[277281.278387] 140096517783552
[277281.278410] 140096527715632
[277281.278413] 140096611525496
[277281.278417] 140096562067152
[277281.278439] 140096612615744
[277281.278464] 140096614368800
[277281.278472] 140096614520896
[277281.278495] 140096613922784
[277281.278520] 140096548393440
[277281.278523] 140096613509928
[277281.278530] 140096613305824
[277281.278557] 140096614025936
[277281.278565] 140096564819944
[277281.278568] 140096613253336
[277281.278590] 140096612106832
[277281.278598] 140096613618256
[277281.278624] 140096614365632
[277281.278651] 140096614541488
[277281.278659] 140096614315744
[277281.278680] 140096613428688
[277281.278700] 140096613396576
[277281.278704] 140096517787648
[277281.278729] 140096611685856
[277281.278756] 140096614671104
[277281.278764] 140096614109456
[277281.278790] 140096614267136
[277281.278794] 140096528701400
[277281.278797] 140096614921800
[277281.278819] 140096614900304
[277281.278827] 140096613225792
[277281.278854] 140096614661504
[277281.278857] 140096614018416
[277281.278883] 140096612922912
[277281.278887] 140096614785632
[277281.278909] 140096615127008
[277281.278913] 140096611716992
[277281.278939] 140096612892080
[277281.278980] 140096611558544
[277281.278984] 140096538738856
[277281.278987] 140096615205816
[277281.279008] 140096517791744
[277281.279011] 140096547261096
[277281.279038] 140096613068656
[277281.279046] 140096613951200
[277281.279072] 140096614135328
[277281.279100] 140096615606872
[277281.279103] 140096613695752
[277281.279107] 140096545845496
[277281.279133] 140096613149328
[277281.279161] 140096612736272
[277281.279169] 140096519781608
[277281.279171] 140096614305544
[277281.279197] 140096614627328
[277281.279205] 140096517589168
[277281.279208] 140096612813480
[277281.279249] 140096613356736
[277281.279273] 140096612228976
[277281.279281] 140096614359472
[277281.279327] 140096613134048
[277281.279331] 140096517795840
[277281.279359] 140096613480256
[277281.279368] 140096531496432
[277281.279370] 140096612826200
[277281.279411] 140096611683536
[277281.279451] 140096611883872
[277281.279459] 140096512101696
[277281.279462] 140096614744328
[277281.279489] 140096512227256
[277281.279492] 140096613665704
[277281.279495] 140096611537328
[277281.279518] 140096612416352
[277281.279526] 140096612852912
[277281.279550] 140096611762640
[277281.279571] 140096614790960
[277281.279579] 140096614752720
[277281.279605] 140096564415016
[277281.279608] 140096614427784
[277281.279615] 140096614423472
[277281.279619] 140096517799936
[277281.279642] 140096520872208
[277281.279645] 140096612547272
[277281.279667] 140096612534768
[277281.279677] 140096564357704
[277281.279679] 140096613854280
[277281.279716] 140096614408896
[277281.279720] 140096612197008
[277281.279742] 140096611665136
[277281.279751] 140096563330448
[277281.279754] 140096612903112
[277281.279781] 140096522958912
[277281.279785] 140096612343536
[277281.279830] 140096613198176
[277281.279834] 140096539662280
[277281.279837] 140096614860152
[277281.279863] 140096536020744
[277281.279866] 140096614675544
[277281.279874] 140096514003368
[277281.279877] 140096613616328
[277281.279917] 140096611850672
[277281.279925] 140096613458528
[277281.279929] 140096517804032
[277281.279952] 140096615160896
[277281.279977] 140096614070384
[277281.280002] 140096512528488
[277281.280005] 140096614904088
[277281.280012] 140096613240672
[277281.280056] 140096614171344
[277281.280060] 140096611825040
[277281.280082] 140096516644432
[277281.280105] 140096517687448
[277281.280108] 140096611597576
[277281.280112] 140096611689648
[277281.280133] 140096547921120
[277281.280137] 140096611839296
[277281.280569] 140096612822800
[277281.280604] 140096511630112
[277281.280607] 140096614844904
[277281.280611] 140096521163720
[277281.280614] 140096611792936
[277281.280636] 140096517808128
[277281.280642] 140096547201872
[277281.280651] 140096547124240
[277281.280654] 140096613259848
[277281.280679] 140096531387432
[277281.280682] 140096611718840
[277281.280689] 140096613062544
[277281.280712] 140096515060552
[277281.280738] 140096613803408
[277281.280743] 140096545343872
[277281.280745] 140096612051576
[277281.280768] 140096612020768
[277281.280791] 140096556063624
[277281.280800] 140096515313592
[277281.280803] 140096611647144
[277281.280829] 140096614307616
[277281.280833] 140096612317616
[277281.280873] 140096612568784
[277281.280882] 140096612681936
[277281.280905] 140096530572640
[277281.280932] 140096517812232
[277281.280936] 140096614449440
[277281.280958] 140096615202704
[277281.280962] 140096611745440
[277281.280988] 140096613419840
[277281.281014] 140096614532336
[277281.281040] 140096614969984
[277281.281063] 140096540182024
[277281.281067] 140096614805304
[277281.281095] 140096614261792
[277281.281118] 140096562698680
[277281.281126] 140096613871280
[277281.281152] 140096614339040
[277281.281156] 140096611648272
[277281.281160] 140096537141248
[277281.281183] 140096545906624
[277281.281210] 140096613246800
[277281.281215] 140096517816320
[277281.281256] 140096531045792
[277281.281259] 140096611551048
[277281.281281] 140096539475064
[277281.281284] 140096613876824
[277281.281310] 140096614005760
[277281.281318] 140096613761008
[277281.281345] 140096614291280
[277281.281373] 140096614728720
[277281.281400] 140096613359776
[277281.281427] 140096613050528
[277281.281432] 140096556502064
[277281.281434] 140096611696568
[277281.281456] 140096514184016
[277281.281459] 140096612135816
[277281.281467] 140096614440752
[277281.281492] 140096547828776
[277281.281500] 140096512443056
[277281.281503] 140096612716552
[277281.281507] 140096517820416
[277281.281535] 140096613823392
[277281.281560] 140096547947472
[277281.281582] 140096556718904
[277281.281590] 140096561903064
[277281.281593] 140096612916328
[277281.281620] 140096614179184
[277281.281646] 140096612885472
[277281.281651] 140096515497072
[277281.281692] 140096562397816
[277281.281704] 140096564978792
[277281.281707] 140096613106584
[277281.281731] 140096611945440
[277281.281752] 140096612292160
[277281.281756] 140096512745776
[277281.281777] 140096611517312
[277281.281804] 140096517824528
[277281.281808] 140096612983824
[277281.281812] 140096545077920
[277281.281834] 140096615228736
[277281.281862] 140096531193536
[277281.281865] 140096613572200
[277281.281868] 140096612273520
[277281.281890] 140096615081808
[277281.281894] 140096547908112
[277281.281915] 140096556515480
[277281.281918] 140096612265032
[277281.281948] 140096561721392
[277281.281951] 140096613026760
[277281.281974] 140096564742856
[277281.281977] 140096611611656
[277281.281980] 140096611566368
[277281.282002] 140096612430976
[277281.282010] 140096536834360
[277281.282013] 140096614108040
[277281.282035] 140096562994336
[277281.282040] 140096513061856
[277281.282080] 140096517828632
[277281.282116] 140096613022912
[277281.282140] 140096612084240
[277281.282167] 140096513302600
[277281.282170] 140096613435544
[277281.282201] 140096527892816
[277281.282225] 140096545728320
[277281.282251] 140096511453376
[277281.282255] 140096613441400
[277281.282262] 140096612729632
[277281.282285] 140096612908928
[277281.282306] 140096611620688
[277281.282314] 140096614688320
[277281.283604] 140096613772096
[277281.283612] 140096612802816
[277281.283643] 140096517832720
[277281.283676] 140096614287584
[277281.283703] 140096563157200
[277281.283707] 140096612624648
[277281.283734] 140096531724080
[277281.283737] 140096614501512
[277281.283742] 140096547015864
[277281.283768] 140096614129536
[277281.283773] 140096612399152
[277281.283796] 140096614780368
[277281.283821] 140096613086400
[277281.283829] 140096613652816
[277281.283855] 140096614301152
[277281.283859] 140096611520736
[277281.283881] 140096614834992
[277281.283889] 140096614493344
[277281.283911] 140096612362512
[277281.283919] 140096613685552
[277281.283945] 140096612702128
[277281.283949] 140096611557328
[277281.283953] 140096517836800
[277281.284037] 140096614573232
[277281.284080] 140096611955032
[277281.284143] 140096512930784
[277281.284267] 140096613588952
[277281.284377] 140096527779856
[277281.284380] 140096612490392
[277281.284416] 140096614985120
[277281.284427] 140096614529040
[277281.284451] 140096611965296
[277281.284479] 140096612754784
[277281.284508] 140096531502320
[277281.284511] 140096613163176
[277281.284533] 140096517840928
[277281.284538] 140096547777656
[277281.284580] 140096554817912
[277281.284584] 140096612461616
[277281.284625] 140096523279016
[277281.284646] 140096612304560
[277281.284676] 140096620850520
[277281.284679] 140096613136216
[277281.284683] 140096612028880
[277281.284707] 140096547056664
[277281.284728] 140096615116496
[277281.284732] 140096614607264
[277281.284753] 140096511865992
[277281.284780] 140096517845032
[277281.284783] 140096614475712
[277281.284833] 140096563222720
[277281.284836] 140096613963576
[277281.284843] 140096613432208
[277281.284865] 140096612339680
[277281.284870] 140096544394888
[277281.284872] 140096612425112
[277281.284894] 140096512165392
[277281.284898] 140096614825536
[277281.284920] 140096530849528
[277281.284928] 140096613974800
[277281.284968] 140096612580560
[277281.284998] 140096563322960
[277281.285030] 140096511976520
[277281.285053] 140096612395472
[277281.285075] 140096612165984
[277281.285079] 140096517849120
[277281.285102] 140096547416744
[277281.285125] 140096612642720
[277281.285150] 140096614726176
[277281.285178] 140096614256720
[277281.285182] 140096511411944
[277281.285205] 140096517072184
[277281.285214] 140096554184728
[277281.285216] 140096613099800
[277281.285239] 140096612410848
[277281.285284] 140096556543248
[277281.285328] 140096614148880
[277281.285332] 140096614832304
[277281.285336] 140096517853184
[277281.285359] 140096612209920
[277281.285374] 140096514089792
[277281.285377] 140096613579000
[277281.285400] 140096544572104
[277281.285424] 140096516679376
[277281.285427] 140096613505528
[277281.285430] 140096612353472
[277281.285452] 140096548383864
[277281.285479] 140096612685296
[277281.285484] 140096612436880
[277281.285509] 140096613735776
[277281.285534] 140096556246536
[277281.285541] 140096530063360
[277281.285561] 140096611641712
[277281.285583] 140096611926768
[277281.285588] 140096547992760
[277281.285608] 140096614873440
[277281.285617] 140096612855824
[277281.285643] 140096517857280
[277281.285647] 140096613933232
[277281.285676] 140096613287456
[277281.285699] 140096531222208
[277281.285704] 140096516537728
[277281.285734] 140096539528728
[277281.285738] 140096614502728
[277281.285761] 140096519837320
[277281.285764] 140096612583496
[277281.285827] 140096553247176
[277281.285830] 140096612087976
[277281.285837] 140096547134552
[277281.285839] 140096612883160
[277281.285862] 140096513175168
[277281.285885] 140096611564112
[277281.285911] 140096613900368
[277281.285915] 140096517861376
[277281.285919] 140096611668912
[277281.285941] 140096614963648
[277281.285969] 140096614432976
[277281.286014] 140096544832936
[277281.286017] 140096612910792
[277281.286040] 140096612066464
[277281.286044] 140096611617408
[277281.286066] 140096528764520
[277281.286127] 140096531255328
[277281.286130] 140096614866168
[277281.286138] 140096613115312
[277281.286173] 140096528971352
[277281.286195] 140096564367064
[277281.286200] 140096517865472
[277281.286227] 140096614581648
[277281.286252] 140096548144168
[277281.286256] 140096612204352
[277281.286278] 140096611952720
[277281.286305] 140096547796280
[277281.286308] 140096613607352
[277281.286330] 140096517207904
[277281.286375] 140096614482288
[277281.286399] 140096612016768
[277281.286426] 140096613204624
[277281.286433] 140096529608704
[277281.286456] 140096515454992
[277281.286460] 140096517869568
[277281.286537] 140096564531416
[277281.286539] 140096612151672
[277281.286599] 140096611831744
[277281.286608] 140096614652384
[277281.286635] 140096547150496
[277281.286638] 140096614093544
[277281.286642] 140096512632024
[277281.286644] 140096615066968
[277281.286666] 140096615221184
[277281.286671] 140096545318776
[277281.286674] 140096611735560
[277281.286700] 140096564137888
[277281.286707] 140096612877760
[277281.286730] 140096517873664
[277281.286734] 140096553196856
[277281.286742] 140096612964720
[277281.286768] 140096613053456
[277281.286776] 140096545145368
[277281.286779] 140096614320504
[277281.286806] 140096614579584
[277281.286829] 140096611544336
[277281.286850] 140096611916656
[277281.286872] 140096611658320
[277281.286913] 140096612037408
[277281.286939] 140096614486272
[277281.286966] 140096562144368
[277281.286969] 140096613490984
[277281.286973] 140096611708256
[277281.287002] 140096517877760
[277281.287006] 140096536575000
[277281.287009] 140096614224088
[277281.287033] 140096612563232
[277281.287060] 140096614040576
[277281.287102] 140096612307488
[277281.287110] 140096613710080
[277281.287132] 140096612485232
[277281.287136] 140096612256160
[277281.287160] 140096614396320
[277281.287168] 140096614714864
[277281.287190] 140096511800608
[277281.287199] 140096545072056
[277281.287201] 140096612809528
[277281.287223] 140096514147200
[277281.287226] 140096614799480
[277281.287234] 140096614243488
[277281.287261] 140096536502848
[277281.287263] 140096612763384
[277281.287290] 140096613836288
[277281.287298] 140096614616144
[277281.287302] 140096517881856
[277281.287330] 140096614885520
[277281.287338] 140096614465664
[277281.287366] 140096536643752
[277281.287369] 140096611533640
[277281.287416] 140096613865088
[277281.287444] 140096613047488
[277281.287488] 140096555434696
[277281.287493] 140096531657056
[277281.287515] 140096615207264
[277281.287523] 140096612828544
[277281.287545] 140096612407392
[277281.287554] 140096517704608
[277281.287556] 140096614569080
[277281.287581] 140096517885952
[277281.287613] 140096612868832
[277281.287621] 140096564126032
[277281.287623] 140096614511272
[277281.287699] 140096611835872
[277281.287707] 140096614297136
[277281.287734] 140096613882080
[277281.287757] 140096614932976
[277281.287761] 140096554283616
[277281.287803] 140096614757072
[277281.287811] 140096613552000
[277281.287816] 140096529145856
[277281.287840] 140096517890048
[277281.287881] 140096612320176
[277281.287885] 140096615104384
[277281.287906] 140096612098544
[277281.287910] 140096611806256
[277281.287936] 140096612974624
[277281.287963] 140096613441952
[277281.287967] 140096517514288
[277281.287994] 140096613095072
[277281.288017] 140096612162176
[277281.288021] 140096564707576
[277281.288024] 140096611510328
[277281.288064] 140096611729632
[277281.288089] 140096555453408
[277281.288092] 140096612753192
[277281.288115] 140096517894144
[277281.288119] 140096561910624
[277281.288127] 140096512938128
[277281.288130] 140096614682040
[277281.288462] 140096514821656
[277281.288469] 140096613409944
[277281.288509] 140096613858496
[277281.288517] 140096511056768
[277281.288520] 140096612951048
[277281.288571] 140096516982328
[277281.288603] 140096515867136
[277281.288606] 140096612131352
[277281.288629] 140096612324208
[277281.288655] 140096513416160
[277281.288658] 140096613462824
[277281.288662] 140096611921152
[277281.288688] 140096516013592
[277281.288692] 140096611587328
[277281.288714] 140096511981648
[277281.288717] 140096614206528
[277281.288739] 140096555991336
[277281.288762] 140096612122496
[277281.288766] 140096517898240
[277281.288789] 140096615145712
[277281.288793] 140096539122568
[277281.288839] 140096536579456
[277281.288868] 140096612780320
[277281.288890] 140096615052352
[277281.288894] 140096612233360
[277281.288937] 140096614273552
[277281.288942] 140096539187456
[277281.288983] 140096556008896
[277281.288987] 140096564501464
[277281.289008] 140096614784544
[277281.289013] 140096517902336
[277281.289058] 140096519997320
[277281.289067] 140096531694272
[277281.289069] 140096612949080
[277281.289094] 140096615141248
[277281.289122] 140096614245024
[277281.289149] 140096612663576
[277281.289154] 140096555570408
[277281.289178] 140096611581136
[277281.289203] 140096614343632
[277281.289246] 140096615472616
[277281.289275] 140096517906432
[277281.289317] 140096611840544
[277281.289339] 140096548562160
[277281.289343] 140096612588528
[277281.289369] 140096613337920
[277281.289394] 140096548111384
[277281.289416] 140096614981584
[277281.289420] 140096516257096
[277281.289447] 140096613377344
[277281.289470] 140096554794072
[277281.289473] 140096611941304
[277281.289481] 140096514353944
[277281.289484] 140096613783864
[277281.289514] 140096613484064
[277281.289556] 140096517910528
[277281.289560] 140096530891896
[277281.289565] 140096556076456
[277281.289588] 140096611960528
[277281.289628] 140096545397400
[277281.289637] 140096547198216
[277281.289640] 140096613093080
[277281.289685] 140096613038160
[277281.289730] 140096527777288
[277281.289733] 140096612792888
[277281.289736] 140096612391984
[277281.289759] 140096536417224
[277281.289763] 140096548178888
[277281.289806] 140096612749280
[277281.289810] 140096517914632
[277281.289834] 140096564686792
[277281.289838] 140096612150416
[277281.289865] 140096612054352
[277281.289873] 140096614234976
[277281.289898] 140096544743704
[277281.289922] 140096611740176
[277281.289925] 140096613301392
[277281.289947] 140096615024528
[277281.289969] 140096536677952
[277281.289973] 140096611654864
[277281.289998] 140096517377320
[277281.290001] 140096614133464
[277281.290005] 140096539258816
[277281.290007] 140096615107560
[277281.290030] 140096536147968
[277281.290032] 140096611895176
[277281.290055] 140096612470928
[277281.290076] 140096612604528
[277281.290081] 140096517918720
[277281.290109] 140096523054632
[277281.290136] 140096511423560
[277281.290139] 140096614154536
[277281.290142] 140096612537920
[277281.290183] 140096561609744
[277281.290192] 140096544969592
[277281.290236] 140096614103952
[277281.290241] 140096520100888
[277281.290281] 140096523357000
[277281.290331] 140096545082424
[277281.290333] 140096612598248
[277281.290337] 140096517922816
[277281.290364] 140096613013744
[277281.290372] 140096614708864
[277281.290417] 140096614960896
[277281.290480] 140096614558960
[277281.290504] 140096528978848
[277281.290544] 140096614842080
[277281.290566] 140096611988976
[277281.290589] 140096517926928
[277281.290593] 140096612530640
[277281.290597] 140096513108920
[277281.290618] 140096516160472
[277281.290621] 140096611591688
[277281.290643] 140096512017880
[277281.290683] 140096520156392
[277281.290713] 140096613233232
[277281.290720] 140096613388448
[277281.290744] 140096611972144
[277281.290783] 140096612177728
[277281.290824] 140096517931032
[277281.290886] 140096612251936
[277281.290894] 140096612894976
[277281.290921] 140096613895072
[277281.290945] 140096512832296
[277281.290953] 140096613748688
[277281.290975] 140096612374944
[277281.291016] 140096612364720
[277281.291024] 140096612918224
[277281.291048] 140096546876104
[277281.291071] 140096517935120
[277281.291100] 140096613275056
[277281.291108] 140096514486744
[277281.291110] 140096613920040
[277281.291137] 140096613841520
[277281.291146] 140096548802560
[277281.291164] 140096612289584
[277281.291206] 140096611977824
[277281.291245] 140096538763024
[277281.291267] 140096544987064
[277281.291271] 140096528859312
[277281.291312] 140096517939200
[277281.291334] 140096612025712
[277281.291355] 140096611909280
[277281.291363] 140096613173584
[277281.291391] 140096613187376
[277281.291437] 140096564562928
[277281.291441] 140096611898576
[277281.291463] 140096536514704
[277281.291466] 140096612033512
[277281.291494] 140096614035904
[277281.291536] 140096615141552
[277281.291563] 140096613125056
[277281.291586] 140096517943328
[277281.291614] 140096613946592
[277281.291643] 140096613280144
[277281.291684] 140096561681512
[277281.291692] 140096613294016
[277281.291715] 140096611777168
[277281.291736] 140096615077776
[277281.291763] 140096613830624
[277281.291790] 140096613181840
[277281.291813] 140096515069808
[277281.291817] 140096512994376
[277281.291843] 140096517947432
[277281.291847] 140096614704480
[277281.291873] 140096613632880
[277281.291881] 140096513350952
[277281.291884] 140096614751704
[277281.291913] 140096613542448
[277281.291936] 140096548428552
[277281.291964] 140096538877888
[277281.291987] 140096514224888
[277281.292009] 140096562684640
[277281.292053] 140096613373904
[277281.292096] 140096517951520
[277281.292117] 140096528893224
[277281.292122] 140096545916696
[277281.292144] 140096614928656
[277281.292533] 140096615360552
[277281.292567] 140096613954240
[277281.292666] 140096517955584
[277281.292713] 140096612798944
[277281.292736] 140096540077944
[277281.292762] 140096614390544
[277281.292821] 140096612117712
[277281.292825] 140096517016960
[277281.292832] 140096538509312
[277281.292859] 140096563247368
[277281.292862] 140096612241240
[277281.292902] 140096547740000
[277281.292928] 140096517959680
[277281.292932] 140096528278936
[277281.292935] 140096613791992
[277281.292962] 140096614350080
[277281.292967] 140096517474664
[277281.292970] 140096612332312
[277281.292992] 140096531372168
[277281.292997] 140096561314344
[277281.293024] 140096612268160
[277281.293032] 140096613157328
[277281.293054] 140096561604688
[277281.293077] 140096611663296
[277281.293118] 140096515298224
[277281.293121] 140096612214248
[277281.293158] 140096612058592
[277281.293162] 140096536342736
[277281.293187] 140096612740448
[277281.293191] 140096517963776
[277281.293218] 140096613636064
[277281.293242] 140096556290208
[277281.293266] 140096611856048
[277281.293288] 140096539895400
[277281.293314] 140096614473072
[277281.293343] 140096539766576
[277281.293370] 140096614617760
[277281.293374] 140096547718552
[277281.293401] 140096613018632
[277281.293425] 140096615344080
[277281.293429] 140096614815360
[277281.293449] 140096615100240
[277281.293454] 140096517967872
[277281.293538] 140096614270992
[277281.293546] 140096613830848
[277281.293608] 140096614404576
[277281.293616] 140096613330920
[277281.293659] 140096613796368
[277281.293664] 140096536468296
[277281.293690] 140096513962496
[277281.293693] 140096614032792
[277281.293716] 140096611971008
[277281.293745] 140096539174696
[277281.293752] 140096538054656
[277281.293774] 140096517971968
[277281.293799] 140096613847568
[277281.293827] 140096614236832
[277281.293850] 140096514311336
[277281.293854] 140096527963432
[277281.293879] 140096613332736
[277281.293906] 140096614150144
[277281.293936] 140096515780896
[277281.293960] 140096515727248
[277281.293963] 140096613904952
[277281.293988] 140096613592384
[277281.293992] 140096611749568
[277281.294049] 140096517976064
[277281.294059] 140096614386112
[277281.294083] 140096547528392
[277281.294104] 140096511049480
[277281.294112] 140096612930112
[277281.294135] 140096564681176
[277281.294193] 140096612223824
[277281.294201] 140096511735672
[277281.294204] 140096613779416
[277281.294226] 140096516422824
[277281.294253] 140096536111032
[277281.294256] 140096614741848
[277281.294296] 140096517980160
[277281.294301] 140096539134576
[277281.294330] 140096562268288
[277281.294358] 140096614656000
[277281.294386] 140096614462720
[277281.294410] 140096517408520
[277281.294434] 140096612010592
[277281.294455] 140096512021808
[277281.294478] 140096528450144
[277281.294482] 140096516147656
[277281.294507] 140096612818512
[277281.294511] 140096531654488
[277281.294513] 140096615042040
[277281.294555] 140096536609552
[277281.294559] 140096517984256
[277281.294582] 140096528917016
[277281.294588] 140096537600000
[277281.294608] 140096611767504
[277281.294631] 140096564654656
[277281.294652] 140096561672392
[277281.294661] 140096539756400
[277281.294702] 140096561895240
[277281.294731] 140096614121232
[277281.294756] 140096613340240
[277281.294760] 140096517026008
[277281.294803] 140096517988352
[277281.294825] 140096612469312
[277281.294865] 140096614965536
[277281.294905] 140096548166632
[277281.294999] 140096517992448
[277281.295020] 140096611607936
[277281.295078] 140096519978176
[277281.295098] 140096613534800
[277281.295149] 140096555302912
[277281.295157] 140096613473504
[277281.295197] 140096612329792
[277281.295205] 140096614091008
[277281.295231] 140096613647120
[277281.295259] 140096613704752
[277281.295282] 140096517996544
[277281.295307] 140096553501792
[277281.295311] 140096564521744
[277281.295334] 140096530913760
[277281.295355] 140096514301976
[277281.295459] 140096614768288
[277281.295487] 140096613076336
[277281.295514] 140096612776368
[277281.295518] 140096518000640
[277281.295522] 140096612348112
[277281.295546] 140096612619248
[277281.295593] 140096556040720
[277281.295596] 140096613978600
[277281.295600] 140096563317656
[277281.295622] 140096615124688
[277281.295667] 140096612761248
[277281.295709] 140096516066664
[277281.295731] 140096612569856
[277281.295753] 140096615479264
[277281.295757] 140096518004736
[277281.295779] 140096510981720
[277281.295857] 140096614592880
[277281.295898] 140096562368800
[277281.295939] 140096536075464
[277281.295961] 140096516254336
[277281.295964] 140096612090760
[277281.295968] 140096518008832
[277281.296011] 140096612982176
[277281.296035] 140096615188320
[277281.296080] 140096513155600
[277281.296123] 140096562970000
[277281.296145] 140096612219120
[277281.296434] 140096555973560
[277281.296456] 140096518012928
[277281.296508] 140096539043056
[277281.296512] 140096613755224
[277281.296535] 140096554287984
[277281.296545] 140096555501240
[277281.296567] 140096615626880
[277281.296570] 140096611729288
[277281.296578] 140096545431200
[277281.296581] 140096612957160
[277281.296621] 140096531018416
[277281.296630] 140096515897088
[277281.296633] 140096613006760
[277281.296673] 140096547520976
[277281.296715] 140096518017032
[277281.296737] 140096611700688
[277281.296779] 140096612543232
[277281.296800] 140096615057856
[277281.296805] 140096562008032
[277281.296827] 140096538830192
[277281.296867] 140096531588080
[277281.296892] 140096537145344
[277281.296933] 140096518021120
[277281.297066] 140096613993872
[277281.297090] 140096612785056
[277281.297131] 140096544606112
[277281.297135] 140096518025216
[277281.297156] 140096614774800
[277281.297215] 140096611925872
[277281.297282] 140096613282944
[277281.297305] 140096513236256
[277281.297309] 140096513930048
[277281.297312] 140096614995736
[277281.297352] 140096536039544
[277281.297373] 140096518029328
[277281.297377] 140096554248808
[277281.297406] 140096613627488
[277281.297449] 140096615195632
[277281.297475] 140096613170464
[277281.297551] 140096615181536
[277281.297555] 140096612188608
[277281.297579] 140096614478544
[277281.297608] 140096554845000
[277281.297612] 140096518033432
[277281.297616] 140096548249912
[277281.297618] 140096615112184
[277281.297643] 140096539273368
[277281.297646] 140096612356520
[277281.297670] 140096553256256
[277281.297693] 140096545031368
[277281.297716] 140096512906832
[277281.297739] 140096615085456
[277281.297761] 140096615225072
[277281.297783] 140096615073744
[277281.297826] 140096563453400
[277281.297829] 140096611637768
[277281.297833] 140096514808840
[277281.297856] 140096518037520
[277281.297900] 140096613449504
[277281.297905] 140096611675552
[277281.297928] 140096512817456
[277281.297936] 140096613525504
[277281.297960] 140096544736528
[277281.297981] 140096520514928
[277281.297987] 140096520514944
[277281.297991] 140096511327840
[277281.298014] 140096612555440
[277281.298094] 140096518041600
[277281.298115] 140096545119720
[277281.298157] 140096612207216
[277281.298198] 140096556082384
[277281.298237] 140096530727768
[277281.298246] 140096613192656
[277281.298269] 140096562013024
[277281.298292] 140096511698448
[277281.298318] 140096612658128
[277281.298339] 140096518045728
[277281.298364] 140096548044480
[277281.298367] 140096614828408
[277281.298428] 140096563481480
[277281.298467] 140096514019904
[277281.298531] 140096531166528
[277281.298534] 140096613499896
[277281.298561] 140096612998128
[277281.298572] 140096518049832
[277281.298576] 140096548537992
[277281.298579] 140096613719640
[277281.298643] 140096528059352
[277281.298646] 140096614333576
[277281.298668] 140096514063584
[277281.298676] 140096547699448
[277281.298679] 140096614683592
[277281.298741] 140096513084536
[277281.298744] 140096613129816
[277281.298787] 140096615217840
[277281.298815] 140096518053920
[277281.298856] 140096515548560
[277281.298877] 140096512179616
[277281.298923] 140096614327600
[277281.298947] 140096539116912
[277281.298973] 140096614010208
[277281.299002] 140096613725824
[277281.299029] 140096612945664
[277281.299054] 140096518057984
[277281.299079] 140096613265696
[277281.299185] 140096545854504
[277281.299188] 140096614918680
[277281.299214] 140096530067456
[277281.299234] 140096516223696
[277281.299239] 140096547349784
[277281.299260] 140096556477416
[277281.299282] 140096611531072
[277281.299308] 140096518062080
[277281.299313] 140096539113528
[277281.299336] 140096614943360
[277281.299357] 140096561220856
[277281.299386] 140096614601504
[277281.299433] 140096613742784
[277281.299476] 140096517304624
[277281.299516] 140096555343808
[277281.299547] 140096518066176
[277281.299572] 140096519817080
[277281.299594] 140096536684336
[277281.299617] 140096548175384
[277281.299621] 140096547873120
[277281.299623] 140096614846536
[277281.299663] 140096515479512
[277281.299684] 140096556441224
[277281.299689] 140096536035896
[277281.299714] 140096615339024
[277281.299717] 140096613599800
[277281.299744] 140096612706160
[277281.299752] 140096612772256
[277281.299791] 140096611600864
[277281.299796] 140096518070272
[277281.299844] 140096613109888
[277281.299849] 140096528832120
[277281.299902] 140096612698888
[277281.299943] 140096528404192
[277281.299972] 140096547356288
[277281.300013] 140096513219424
[277281.300039] 140096529612800
[277281.300060] 140096612174896
[277281.300064] 140096518074368
[277281.300121] 140096517287464
[277281.300385] 140096523062336
[277281.300443] 140096612994616
[277281.300527] 140096556488024
[277281.300551] 140096547262560
[277281.300614] 140096614353632
[277281.300619] 140096511688176
[277281.300643] 140096518078464
[277281.300648] 140096539656936
[277281.300727] 140096612247104
[277281.300748] 140096562169952
[277281.300805] 140096612074896
[277281.300809] 140096531603056
[277281.300848] 140096518082560
[277281.300908] 140096517294952
[277281.300929] 140096612104656
[277281.300950] 140096615573840
[277281.300954] 140096612514912
[277281.300980] 140096614696272
[277281.301003] 140096611846144
[277281.301027] 140096547802584
[277281.301049] 140096612525360
[277281.301072] 140096518086656
[277281.301094] 140096553176112
[277281.301153] 140096545952984
[277281.301233] 140096614495952
[277281.301278] 140096614670176
[277281.301282] 140096518090752
[277281.301306] 140096563071112
[277281.301327] 140096514897664
[277281.301332] 140096536425784
[277281.301392] 140096614047376
[277281.301440] 140096539096872
[277281.301443] 140096612988808
[277281.301465] 140096531293256
[277281.301490] 140096529149952
[277281.301511] 140096611987088
[277281.301516] 140096518094848
[277281.301543] 140096515252400
[277281.301546] 140096614640856
[277281.301569] 140096512067168
[277281.301609] 140096513951264
[277281.301650] 140096521201904
[277281.301678] 140096540125736
[277281.301752] 140096518098944
[277281.301808] 140096611758592
[277281.301884] 140096611756336
[277281.301922] 140096615002352
[277281.301949] 140096613344688
[277281.302011] 140096555515232
[277281.302015] 140096518103040
[277281.302043] 140096539313352
[277281.302065] 140096514418592
[277281.302145] 140096562348832
[277281.302150] 140096528416312
[277281.302212] 140096613566400
[277281.302236] 140096518107136
[277281.302278] 140096561875688
[277281.302322] 140096614585440
[277281.302364] 140096561973016
[277281.302439] 140096539715704
[277281.302443] 140096518111232
[277281.302470] 140096515457840
[277281.302473] 140096614545768
[277281.302497] 140096615617312
[277281.302500] 140096613382424
[277281.302521] 140096612499952
[277281.302525] 140096539959352
[277281.302568] 140096613925168
[277281.302596] 140096516763928
[277281.302599] 140096614211816
[277281.302639] 140096536136568
[277281.302665] 140096614187824
[277281.302673] 140096514476008
[277281.302675] 140096614631512
[277281.302702] 140096613307696
[277281.302725] 140096518115328
[277281.302748] 140096511714280
[277281.302753] 140096514984128
[277281.302775] 140096511069072
[277281.302900] 140096611930272
[277281.302922] 140096518119432
[277281.302963] 140096516914312
[277281.302966] 140096612048136
[277281.303006] 140096519669440
[277281.303034] 140096614739008
[277281.303038] 140096564279488
[277281.303063] 140096548502424
[277281.303106] 140096614169024
[277281.303129] 140096555345544
[277281.303152] 140096539706680
[277281.303157] 140096518123520
[277281.303178] 140096544429520
[277281.303206] 140096515639416
[277281.303209] 140096613188824
[277281.303235] 140096614209952
[277281.303259] 140096561948440
[277281.303282] 140096514697240
[277281.303340] 140096523237464
[277281.303362] 140096563113232
[277281.303366] 140096614880832
[277281.303389] 140096518127616
[277281.303448] 140096612278496
[277281.303547] 140096531313224
[277281.303550] 140096613297080
[277281.303574] 140096527872712
[277281.303579] 140096514835184
[277281.303604] 140096614700816
[277281.303628] 140096518131728
[277281.303632] 140096561200496
[277281.303708] 140096511973720
[277281.303805] 140096517031000
[277281.303826] 140096561225680
[277281.303829] 140096518135832
[277281.303832] 140096611822864
[277281.303855] 140096516578288
[277281.303899] 140096530770392
[277281.303942] 140096514153440
[277281.303964] 140096545445344
[277281.303986] 140096531101776
[277281.304045] 140096518139920
[277281.304067] 140096538900224
[277281.304098] 140096548806656
[277281.304116] 140096528957480
[277281.304121] 140096561582856
[277281.304366] 140096556096688
[277281.304374] 140096514232064
[277281.304434] 140096515595536
[277281.304455] 140096514505192
[277281.304480] 140096518144000
[277281.304503] 140096547841040
[277281.304534] 140096563279816
[277281.304559] 140096544818896
[277281.304605] 140096613679392
[277281.304672] 140096613898512
[277281.304714] 140096511760144
[277281.304736] 140096518148128
[277281.304764] 140096614610608
[277281.304768] 140096611582784
[277281.304790] 140096514762560
[277281.304816] 140096614412288
[277281.304876] 140096615542200
[277281.304879] 140096614139544
[277281.304937] 140096547468872
[277281.304960] 140096518152232
[277281.304984] 140096536545712
[277281.305007] 140096612383088
[277281.305038] 140096536119240
[277281.305132] 140096539086928
[277281.305172] 140096512997368
[277281.305178] 140096520080496
[277281.305180] 140096612575496
[277281.305184] 140096518156320
[277281.305206] 140096547298448
[277281.305229] 140096538839544
[277281.305268] 140096556429056
[277281.305291] 140096548555320
[277281.305295] 140096512037968
[277281.305401] 140096515773408
[277281.305406] 140096517349240
[277281.305409] 140096518160384
[277281.305431] 140096546774120
[277281.305435] 140096564386000
[277281.305462] 140096612743424
[277281.305503] 140096516808232
[277281.305531] 140096612789648
[277281.305578] 140096538513408
[277281.305633] 140096562386584
[277281.305637] 140096540159392
[277281.305640] 140096612386536
[277281.305661] 140096518164480
[277281.305721] 140096545998176
[277281.305809] 140096614223280
[277281.305833] 140096544980512
[277281.305856] 140096531429504
[277281.305880] 140096518168576
[277281.305904] 140096564832424
[277281.305945] 140096613625104
[277281.305974] 140096511894136
[277281.305976] 140096613714872
[277281.306072] 140096545523888
[277281.306101] 140096613454144
[277281.306106] 140096518172672
[277281.306150] 140096612958528
[277281.306155] 140096512183136
[277281.306239] 140096511148496
[277281.306244] 140096561640808
[277281.306267] 140096530642088
[277281.306313] 140096538058752
[277281.306334] 140096518176768
[277281.306375] 140096536506496
[277281.306398] 140096516654416
[277281.306420] 140096527937032
[277281.306424] 140096547747552
[277281.306485] 140096512757968
[277281.306507] 140096554605472
[277281.306549] 140096547816224
[277281.306570] 140096518180864
[277281.306599] 140096613812720
[277281.306642] 140096511652368
[277281.306705] 140096515184512
[277281.306728] 140096515996192
[277281.306750] 140096547516536
[277281.306790] 140096518184960
[277281.306818] 140096611861392
[277281.306917] 140096544524368
[277281.306920] 140096614429672
[277281.306945] 140096514524888
[277281.307002] 140096612344304
[277281.307007] 140096518189056
[277281.307033] 140096537604096
[277281.307071] 140096517025696
[277281.307115] 140096514221768
[277281.307149] 140096563268272
[277281.307176] 140096512607528
[277281.307236] 140096518193152
[277281.307258] 140096515519856
[277281.307263] 140096611721552
[277281.307285] 140096611817856
[277281.307307] 140096612299872
[277281.307421] 140096562987160
[277281.307444] 140096518197248
[277281.307490] 140096536059960
[277281.307493] 140096613655752
[277281.307538] 140096531552776
[277281.307579] 140096519592568
[277281.307623] 140096562272032
[277281.307647] 140096520354872
[277281.307690] 140096518201344
[277281.307694] 140096613996272
[277281.307719] 140096562393136
[277281.307743] 140096514689440
[277281.307769] 140096615357864
[277281.307772] 140096613692808
[277281.307800] 140096562317608
[277281.307842] 140096530684128
[277281.307865] 140096531514424
[277281.307889] 140096546133800
[277281.307912] 140096515610504
[277281.307921] 140096516621656
[277281.307945] 140096518205440
[277281.308003] 140096565273208
[277281.308026] 140096555604416
[277281.308030] 140096563534024
[277281.308070] 140096545012960
[277281.308116] 140096519885952
[277281.308142] 140096613667136
[277281.308397] 140096614083232
[277281.308504] 140096563406288
[277281.308511] 140096518209536
[277281.308545] 140096546900664
[277281.308547] 140096614080040
[277281.308590] 140096536033616
[277281.308612] 140096512863672
[277281.308655] 140096555729928
[277281.308677] 140096517508984
[277281.308722] 140096613413312
[277281.308744] 140096556367592
[277281.308750] 140096518213632
[277281.308789] 140096517423496
[277281.308922] 140096613821008
[277281.308964] 140096518217728
[277281.309042] 140096528828128
[277281.309070] 140096564067688
[277281.309093] 140096554317624
[277281.309170] 140096518221832
[277281.309193] 140096615120128
[277281.309251] 140096515878680
[277281.309308] 140096531003816
[277281.309330] 140096516958616
[277281.309336] 140096537149440
[277281.309374] 140096612073360
[277281.309379] 140096518225920
[277281.309406] 140096547500008
[277281.309431] 140096613765392
[277281.309452] 140096514067640
[277281.309477] 140096553253808
[277281.309480] 140096612438344
[277281.309520] 140096517079048
[277281.309560] 140096545480520
[277281.309601] 140096518230016
[277281.309711] 140096556099808
[277281.309786] 140096536095984
[277281.309808] 140096562034368
[277281.309865] 140096518234128
[277281.309869] 140096527939704
[277281.309927] 140096547025800
[277281.309984] 140096611771408
[277281.310023] 140096510883840
[277281.310063] 140096518238232
[277281.310086] 140096512971120
[277281.310126] 140096562472384
[277281.310148] 140096562688384
[277281.310170] 140096562158720
[277281.310191] 140096538776808
[277281.310232] 140096548491480
[277281.310254] 140096544555880
[277281.310277] 140096518242320
[277281.310341] 140096539242136
[277281.310363] 140096528584664
[277281.310402] 140096555173928
[277281.310477] 140096536646944
[277281.310482] 140096518246400
[277281.310503] 140096517629104
[277281.310526] 140096562254504
[277281.310549] 140096528223080
[277281.310589] 140096536415752
[277281.310628] 140096515705376
[277281.310632] 140096511987120
[277281.310654] 140096511887672
[277281.310710] 140096518250528
[277281.310788] 140096538714792
[277281.310815] 140096613514576
[277281.310897] 140096614200672
[277281.310925] 140096518254632
[277281.310929] 140096614012224
[277281.310951] 140096517260320
[277281.311009] 140096561861856
[277281.311068] 140096514159368
[277281.311108] 140096540153544
[277281.311132] 140096518258720
[277281.311194] 140096556604712
[277281.311199] 140096516851600
[277281.311274] 140096561858256
[277281.311320] 140096516041432
[277281.311346] 140096518262784
[277281.311421] 140096545521344
[277281.311444] 140096564732560
[277281.311465] 140096540020808
[277281.311476] 140096561842040
[277281.311499] 140096554198768
[277281.311506] 140096530071552
[277281.311545] 140096517213520
[277281.311584] 140096518266880
[277281.311587] 140096548018768
[277281.311592] 140096563926736
[277281.311630] 140096539790840
[277281.311653] 140096548077288
[277281.311780] 140096518270976
[277281.311838] 140096514581488
[277281.311878] 140096519501176
[277281.311882] 140096615364872
[277281.311956] 140096536499760
[277281.311979] 140096518275072
[277281.312021] 140096528820672
[277281.312059] 140096536368728
[277281.312082] 140096539886840
[277281.312106] 140096556186320
[277281.312110] 140096545122768
[277281.312133] 140096522933704
[277281.312347] 140096614795216
[277281.312358] 140096529616896
[277281.312383] 140096518279168
[277281.312458] 140096547570600
[277281.312485] 140096563182784
[277281.312508] 140096611994584
[277281.312566] 140096548356960
[277281.312595] 140096536585032
[277281.312619] 140096517252208
[277281.312640] 140096518283264
[277281.312685] 140096547325864
[277281.312761] 140096511336968
[277281.312782] 140096562391264
[277281.312787] 140096545907464
[277281.312827] 140096555389368
[277281.312848] 140096518287360
[277281.312873] 140096515837808
[277281.312930] 140096511682288
[277281.312991] 140096564172208
[277281.313049] 140096539218864
[277281.313054] 140096518291456
[277281.313111] 140096548402560
[277281.313151] 140096512795608
[277281.313174] 140096516246320
[277281.313177] 140096614989080
[277281.313198] 140096612610240
[277281.313222] 140096513244624
[277281.313263] 140096518295552
[277281.313290] 140096613700944
[277281.313318] 140096540040776
[277281.313361] 140096530630352
[277281.313401] 140096539292096
[277281.313460] 140096517556096
[277281.313466] 140096529154048
[277281.313488] 140096518299648
[277281.313633] 140096556271184
[277281.313692] 140096518303744
[277281.313789] 140096515512024
[277281.313870] 140096527815568
[277281.313896] 140096518307840
[277281.313900] 140096536560760
[277281.313962] 140096513353760
[277281.313987] 140096512699656
[277281.314083] 140096611886736
[277281.314104] 140096520168472
[277281.314109] 140096518311936
[277281.314150] 140096539534720
[277281.314261] 140096548187344
[277281.314288] 140096539189392
[277281.314291] 140096612842968
[277281.314318] 140096518316032
[277281.314359] 140096512264944
[277281.314417] 140096514668224
[277281.314441] 140096520041272
[277281.314533] 140096518320128
[277281.314538] 140096561564600
[277281.314541] 140096615174184
[277281.314599] 140096615610656
[277281.314621] 140096511116408
[277281.314645] 140096528931992
[277281.314668] 140096516745832
[277281.314707] 140096615313312
[277281.314731] 140096564577904
[277281.314752] 140096548119280
[277281.314756] 140096518324232
[277281.314760] 140096531025120
[277281.314787] 140096554225288
[277281.314812] 140096548438688
[277281.314960] 140096547373384
[277281.314969] 140096516758312
[277281.314971] 140096613369736
[277281.314975] 140096518328320
[277281.315055] 140096511622408
[277281.315080] 140096528982856
[277281.315120] 140096539786664
[277281.315161] 140096556371336
[277281.315165] 140096519561520
[277281.315188] 140096518332416
[277281.315209] 140096511275592
[277281.315310] 140096513078344
[277281.315371] 140096528169352
[277281.315401] 140096523349544
[277281.315424] 140096518336528
[277281.315520] 140096556264320
[277281.315524] 140096530997216
[277281.315617] 140096518340632
[277281.315661] 140096511732248
[277281.315702] 140096554195960
[277281.315745] 140096511083048
[277281.315767] 140096512307720
[277281.315827] 140096518344720
[277281.315873] 140096540050376
[277281.315882] 140096548810752
[277281.315902] 140096553486136
[277281.315928] 140096614394896
[277281.315990] 140096536023584
[277281.316021] 140096531009624
[277281.316066] 140096518348800
[277281.316500] 140096539355080
[277281.316509] 140096555106472
[277281.316578] 140096614114352
[277281.316644] 140096518352928
[277281.316649] 140096614125328
[277281.316675] 140096514536432
[277281.316720] 140096613809760
[277281.316763] 140096545066000
[277281.316857] 140096518357032
[277281.316861] 140096519860568
[277281.316884] 140096536668024
[277281.316906] 140096536497376
[277281.316927] 140096611877968
[277281.316968] 140096528802456
[277281.316973] 140096514016160
[277281.316998] 140096613476688
[277281.317041] 140096516486832
[277281.317063] 140096517533320
[277281.317087] 140096518361120
[277281.317200] 140096528966360
[277281.317223] 140096523263616
[277281.317263] 140096512210760
[277281.317340] 140096620860816
[277281.317344] 140096518365184
[277281.317437] 140096564650288
[277281.317459] 140096536843480
[277281.317463] 140096511912496
[277281.317490] 140096538517504
[277281.317527] 140096545378000
[277281.317567] 140096518369280
[277281.317570] 140096521146112
[277281.317581] 140096514433912
[277281.317605] 140096531132112
[277281.317752] 140096547922896
[277281.317757] 140096528105416
[277281.317779] 140096518373376
[277281.317803] 140096562418096
[277281.317824] 140096520128312
[277281.317853] 140096522963192
[277281.317899] 140096613938224
[277281.317924] 140096563251736
[277281.317982] 140096548470048
[277281.318004] 140096530441544
[277281.318009] 140096518377472
[277281.318050] 140096561802928
[277281.318077] 140096613079968
[277281.318102] 140096530699800
[277281.318143] 140096564672440
[277281.318168] 140096614635600
[277281.318173] 140096512333984
[277281.318196] 140096539730072
[277281.318205] 140096546896360
[277281.318232] 140096538062848
[277281.318258] 140096561982112
[277281.318262] 140096518381568
[277281.318284] 140096514589600
[277281.318305] 140096521181976
[277281.318422] 140096564230192
[277281.318448] 140096555492688
[277281.318471] 140096514057032
[277281.318475] 140096511672160
[277281.318496] 140096518385664
[277281.318501] 140096517655936
[277281.318540] 140096515571344
[277281.318600] 140096515971800
[277281.318639] 140096516646304
[277281.318643] 140096513060664
[277281.318682] 140096564689600
[277281.318704] 140096518389760
[277281.318709] 140096548354328
[277281.318772] 140096514553768
[277281.318904] 140096530724344
[277281.318908] 140096518393856
[277281.318937] 140096519985872
[277281.318944] 140096537608192
[277281.318965] 140096511447528
[277281.318987] 140096512220112
[277281.319010] 140096562402496
[277281.319031] 140096517281536
[277281.319054] 140096545911680
[277281.319132] 140096518397952
[277281.319188] 140096517627232
[277281.319212] 140096611995920
[277281.319325] 140096518402048
[277281.319347] 140096563431560
[277281.319404] 140096531333520
[277281.319433] 140096561817888
[277281.319531] 140096564394112
[277281.319551] 140096518406144
[277281.319596] 140096553612112
[277281.319653] 140096614877296
[277281.319675] 140096519830512
[277281.319680] 140096527982024
[277281.319702] 140096553541248
[277281.319724] 140096519765776
[277281.319765] 140096518410240
[277281.319806] 140096564675560
[277281.319863] 140096514958896
[277281.319873] 140096519724936
[277281.319896] 140096563166248
[277281.319900] 140096561298088
[277281.319941] 140096513968736
[277281.319982] 140096518414336
[277281.320003] 140096564750032
[277281.320013] 140096555279672
[277281.320109] 140096614808672
[277281.320321] 140096562232040
[277281.320437] 140096511899464
[277281.320441] 140096518418432
[277281.320471] 140096527911320
[277281.320476] 140096512487056
[277281.320501] 140096553222912
[277281.320524] 140096536555288
[277281.320546] 140096563865624
[277281.320550] 140096527671552
[277281.320643] 140096536830256
[277281.320647] 140096510849472
[277281.320688] 140096518422528
[277281.320712] 140096512237080
[277281.320715] 140096612457208
[277281.320739] 140096536388168
[277281.320797] 140096531214400
[277281.320881] 140096544956176
[277281.320884] 140096613910968
[277281.320908] 140096518426632
[277281.320951] 140096545394216
[277281.320974] 140096561761384
[277281.320995] 140096548328336
[277281.321075] 140096537153536
[277281.321116] 140096518430720
[277281.321156] 140096553412368
[277281.321305] 140096518434816
[277281.321326] 140096514122552
[277281.321350] 140096517012904
[277281.321354] 140096520920664
[277281.321376] 140096563582976
[277281.321398] 140096547455384
[277281.321457] 140096531057952
[277281.321498] 140096536244592
[277281.321502] 140096615545480
[277281.321542] 140096518438928
[277281.321584] 140096545041352
[277281.321608] 140096553178472
[277281.321631] 140096536435920
[277281.321653] 140096563148824
[277281.321701] 140096527827224
[277281.321762] 140096518443032
[277281.321821] 140096562692440
[277281.321845] 140096556432176
[277281.321870] 140096512957016
[277281.321931] 140096561181960
[277281.321973] 140096518447120
[277281.322049] 140096517114928
[277281.322053] 140096513142080
[277281.322097] 140096614456224
[277281.322139] 140096511841760
[277281.322182] 140096518451200
[277281.322278] 140096523323072
[277281.322318] 140096555089936
[277281.322340] 140096554803520
[277281.322399] 140096518455328
[277281.322404] 140096519476936
[277281.322446] 140096547442432
[277281.322474] 140096612721456
[277281.322522] 140096547967992
[277281.322620] 140096615302160
[277281.322624] 140096518459432
[277281.322628] 140096519475168
[277281.322672] 140096613249776
[277281.322734] 140096511072352
[277281.322756] 140096530463504
[277281.322831] 140096614950032
[277281.322836] 140096518463520
[277281.322858] 140096523161472
[277281.322959] 140096613582736
[277281.323001] 140096612377664
[277281.323022] 140096528842208
[277281.323048] 140096518467584
[277281.323070] 140096561478360
[277281.323093] 140096520526456
[277281.323134] 140096536453144
[277281.323195] 140096530075648
[277281.323216] 140096561545040
[277281.323248] 140096514962456
[277281.323290] 140096518471680
[277281.323368] 140096540168192
[277281.323480] 140096564863000
[277281.323484] 140096518475776
[277281.323582] 140096528251232
[277281.323605] 140096514653872
[277281.323681] 140096615380760
[277281.323686] 140096518479872
[277281.323711] 140096547180392
[277281.323807] 140096520056392
[277281.323876] 140096561632368
[277281.323881] 140096561777056
[277281.323886] 140096529620992
[277281.323916] 140096518483968
[277281.323957] 140096527983736
[277281.324033] 140096531629544
[277281.324061] 140096544896272
[277281.324103] 140096531648072
[277281.324143] 140096518488064
[277281.324418] 140096515522704
[277281.324477] 140096547403480
[277281.324536] 140096561756584
[277281.324592] 140096514205856
[277281.324616] 140096555183096
[277281.324637] 140096518492160
[277281.324718] 140096547687632
[277281.324793] 140096544733408
[277281.324833] 140096556243416
[277281.324889] 140096562463024
[277281.324913] 140096613320824
[277281.324919] 140096518496256
[277281.324946] 140096546080992
[277281.324969] 140096510941448
[277281.325045] 140096547805640
[277281.325121] 140096518500352
[277281.325178] 140096531620600
[277281.325219] 140096548284104
[277281.325242] 140096555952800
[277281.325264] 140096561466552
[277281.325306] 140096529158144
[277281.325329] 140096518504448
[277281.325402] 140096517059080
[277281.325406] 140096613042712
[277281.325429] 140096565057904
[277281.325452] 140096561594016
[277281.325456] 140096516266096
[277281.325517] 140096613545360
[277281.325559] 140096563731512
[277281.325563] 140096516377728
[277281.325584] 140096518508544
[277281.325608] 140096531727112
[277281.325684] 140096553543856
[277281.325777] 140096518512640
[277281.325800] 140096554210000
[277281.325945] 140096563457456
[277281.325967] 140096515894280
[277281.325972] 140096512469656
[277281.325976] 140096518516736
[277281.326074] 140096556101680
[277281.326097] 140096545957160
[277281.326119] 140096556315832
[277281.326178] 140096518520832
[277300.061789] 140096616055272
[277300.061968] 140096616062832
[277300.061981] 140096616143784
[277300.079291] kprobe at 00000000dda9fcf5 unregistered
